Protein	A1	B1	A2	B2	A3	B3	A4	B4
P1	207983	427986	0	552194	0	228727	236822	631188
P2	4961	10139	4839	7399	4807	9192	4564	4735
P3	118126	93911	94681	54811	108250	57665	107011	88873
P4	71852	51574	74910	0	74615	0	70158	23759
P5	2433	1020	2028	1325	2040	1717	2059	720
P6	3711	1575	3779	1530	3037	2028	2810	1287
P7	38161	76423	39777	91009	0	90123	40737	65308
P8	1450	3341	1538	4295	1455	2724	1640	4285
P9	3477	9503	0	12464	3941	6779	4417	5933
P10	852	641	837	389	922	322	1215	586
P11	0	941	931	1254	1167	0	0	0
P12	0	28986	29965	34219	35325	26188	31459	26737
P13	12303	0	15128	12471	16590	15372	12687	12459
P14	0	967	1150	974	1241	1094	1172	0
P15	781159	604514	0	553916	531798	772612	704144	734535
P16	50101	0	66033	0	59052	64527	51477	63958
P17	1193	926	1062	0	887	1210	0	0
P18	1476	1090	1501	1163	1126	0	0	1216
P19	1498	1505	1275	1329	1218	1557	1148	0
P20	990	0	1127	836	1014	929	1038	0
P21	4723	6271	5493	5305	6223	5309	5882	0
P22	1908	2019	1677	0	1950	1677	0	1758
P23	0	9922	7898	7902	6761	7327	8052	0
P24	0	1215	1035	1127	1112	0	1066	1007
P25	1005	1194	1007	1195	1129	0	1145	1025
P26	20202	21426	21307	0	16482	21473	16143	15113
P27	54562	52954	59719	56188	69225	54561	61013	71746
P28	933	1033	970	1089	960	1173	1074	1305
P29	900	0	925	950	0	1102	934	1171
P30	0	1135	0	980	1120	1205	0	956
P31	895	857	1044	0	1083	1195	812	1073
P32	13433	10094	11754	0	12967	10064	10723	11601
P33	0	14297	14064	9807	0	11508	14220	0
P34	2443	2036	1848	1866	1867	2634	2482	2625
P35	1299	1000	1264	0	0	1085	1219	1148
P36	1010	1263	991	0	0	1185	1254	1217
P37	107876	0	112999	90894	90157	0	101694	0
P38	6183	5295	6149	7457	6065	7150	5298	5684
P39	0	1208	0	1155	961	1095	1095	0
P40	3090	2187	2732	2591	0	0	2361	0
P41	1276	1764	1335	1581	1713	1517	0	1359
P42	1645	1979	1850	2054	1897	1626	0	0
P43	1282	1210	1320	0	1023	1134	1304	1121
P44	2741	2620	3230	0	3355	2665	3326	3131
P45	5222	0	6941	6880	5133	0	5626	5067
P46	4528	4245	4260	4701	3862	4997	4559	4501
P47	7275	0	7518	8275	9454	8702	8567	0
P48	1374	1115	1438	0	0	1307	1537	1080
P49	0	1172	0	1276	934	1255	1360	1263
P50	110552	125985	91317	95956	122173	105946	123254	92920
P51	1093	1178	1185	994	1175	1160	908	1215
P52	0	21400	0	0	19583	0	25468	0
P53	2663	2634	3100	0	2988	2831	2794	0
P54	0	22410	0	30098	24528	22957	24871	30032
P55	11044	14810	10769	11409	0	11681	12351	12561
P56	6775	0	5647	7858	7464	5940	8021	6840
P57	5654	4822	5560	0	4283	5361	3893	4494
P58	169215	131180	161576	0	133393	187922	0	132524
P59	1043	0	901	0	1064	0	1120	1148
P60	1977	1709	0	1647	1547	1836	1557	1684
P61	0	0	930	0	0	1030	1089	0
P62	1371	2016	1562	1498	0	1446	1552	2039
P63	0	2117	1974	1778	2310	2419	1761	2313
P64	2163	0	1825	1497	1791	0	1596	1756
P65	0	0	34620	39452	39319	34258	28003	33993
P66	2495	2990	2258	2563	0	2875	2252	2568
P67	14809	18540	19363	15175	17076	20361	14806	14205
P68	1440	1302	0	1093	1421	1031	1313	1412
P69	1034	1112	1159	993	877	1042	0	1278
P70	829	1143	1140	833	1067	0	881	872
P71	105689	123084	0	0	101513	0	96146	0
P72	1639	1511	1501	0	1736	1381	1629	1493
P73	14107	0	16947	17086	16411	13529	16561	15132
P74	0	1111	0	1166	881	916	999	1300
P75	1270	0	1216	973	1033	0	1135	0
P76	0	5041	5382	5538	5180	0	0	3803
P77	7235	5823	6467	5824	6715	6132	0	5510
P78	0	1079	922	925	946	1129	1035	834
P79	0	137197	0	160203	155401	167123	177311	0
P80	0	3397	3478	3530	3677	3259	2920	3222
P81	3097	3167	2947	3329	4003	0	2836	0
P82	3958	3819	3928	4809	3670	3764	3822	0
P83	1005	1071	992	0	1162	1089	1003	859
P84	1260	1103	1280	1296	1009	1159	1123	1128
P85	1119	0	845	1107	0	1214	0	1037
P86	1242	1380	1179	0	0	0	0	1238
P87	0	0	46901	42700	44795	40840	47715	41443
P88	0	1860	1654	1799	0	1712	1730	0
P89	260072	276061	265933	219494	237303	256618	203110	208387
P90	2047	1735	0	2042	1481	1689	0	2128
P91	1107	1163	990	995	863	872	964	1171
P92	0	816	1203	855	1099	0	952	881
P93	4421	3250	3927	3114	3919	0	0	0
P94	1445	1546	1651	1732	0	0	1969	1754
P95	1172	0	958	0	1105	0	0	1298
P96	3479	3217	3854	2917	3598	3737	0	0
P97	4155	4329	5329	0	4761	4046	0	4428
P98	0	6209	7359	5290	7154	5222	5337	0
P99	0	2332	2412	3078	2397	2460	2094	2973
P100	0	889	1100	0	917	0	872	995
P101	28696	35414	37066	35981	0	25761	28103	29113
P102	3380	4269	3481	4420	3316	4082	3191	4553
P103	1255	1198	1071	1468	1430	0	1538	1070
P104	1069	1460	1364	1508	0	1330	1473	0
P105	25589	24816	27966	27988	0	24672	23536	19048
P106	3034	2697	2218	2621	2442	0	2429	3021
P107	1333	1375	1232	0	1095	1225	1045	0
P108	1410	1006	1199	1186	1068	0	1186	1385
P109	1153	946	856	847	1194	861	0	1164
P110	5975	6159	4454	5976	6211	6038	0	5403
P111	0	0	1082	1126	0	894	864	1081
P112	858	0	1000	1212	0	1186	846	0
P113	9387	9635	0	9165	7548	0	9800	10643
P114	0	1869	0	1993	2543	0	2127	1841
P115	0	23400	23734	23569	26142	28977	21712	28725
P116	0	1037	1056	942	0	0	0	908
P117	184411	0	151651	162489	174251	192058	0	0
P118	1573	1587	1567	1436	1686	1356	1472	0
P119	2067	1499	1689	2060	1898	0	1794	1780
P120	2185	2285	2418	0	1839	2102	2355	2256
P121	1018	948	996	1253	974	955	1098	960
P122	76896	83267	67761	66103	57361	61299	62786	61280
P123	2130	1764	1708	0	1937	1733	0	2042
P124	1422	1282	1033	1243	1355	1281	0	0
P125	905	917	933	1099	0	1123	1139	1144
P126	9861	12792	13337	11209	14562	0	14278	9888
P127	0	2787	2494	2358	2320	2720	1908	1989
P128	7106	6223	6317	4996	7133	6108	0	4954
P129	2504	2469	0	1954	1977	2459	0	0
P130	1071	0	1306	1396	1123	1264	1409	1292
P131	1897040	1758995	1490954	0	1681910	2071111	1596106	1581822
P132	183969	190696	0	175270	182686	0	149636	172057
P133	0	4029	4886	4412	4645	4858	4626	4195
P134	2022	0	2351	1771	2137	1975	1955	1770
P135	1339	1196	0	0	1601	1377	1463	1123
P136	6181	6520	7005	5774	5973	6425	7160	6497
P137	1092	1135	1320	984	1037	997	1040	926
P138	860	999	858	905	868	957	965	0
P139	0	1459	1666	0	1173	1483	1506	0
P140	981	834	0	894	0	954	0	1208
P141	0	9312	8104	10269	7844	0	10371	10904
P142	1691	1364	0	1431	1697	1329	0	1621
P143	0	1675	1338	1731	1501	1387	1588	1690
P144	976	1067	0	838	1148	975	1095	1014
P145	1125	1374	1362	1331	1105	0	1474	1262
P146	1059	1019	1265	956	1099	884	943	0
P147	2454	3349	2635	2947	3243	2824	2383	3176
P148	0	315109	422333	447088	351519	362088	391125	0
P149	968	1122	992	1148	0	1204	0	1146
P150	1723	2048	0	1801	2327	2269	1794	2201
P151	1142	985	840	985	1152	982	808	1048
P152	9474	0	9235	8146	8856	9201	8452	7184
P153	1099	907	1190	1069	831	807	1203	892
P154	4018	3652	4411	3942	4625	4011	4165	4629
P155	3348	3352	4269	4095	0	3760	4017	3443
P156	0	2038	2118	2616	2688	2541	0	0
P157	1297	0	1116	1245	0	1227	1402	0
P158	0	959	1358	1138	1077	0	1122	1226
P159	0	1080	1298	0	927	928	1288	1086
P160	1213	1177	0	1141	0	1263	1204	1171
P161	2678	3318	0	2622	3449	3370	3591	2636
P162	0	831954	1133927	1091088	862473	1127795	0	874300
P163	1178	1044	934	0	1167	0	0	1015
P164	3035	2297	2329	2191	2487	2900	2733	2880
P165	1048	0	1208	1295	1236	1286	1086	0
P166	1311	1590	1262	1312	1318	1576	0	1167
P167	1209	1072	0	1275	1225	1265	1144	0
P168	0	0	3953	3880	0	3592	4382	3232
P169	1037	937	870	988	1008	1208	825	930
P170	6488	0	7087	0	0	5795	5260	6733
P171	3806	3958	3092	3230	0	4408	3239	4324
P172	1483	0	1537	1224	0	1626	1351	1632
P173	3103	0	3428	0	2941	3204	0	3475
P174	1575	1658	1580	1412	1706	2022	0	0
P175	298156	319766	309621	374701	316559	296724	331636	385656
P176	1557	1809	1631	1727	0	2121	2003	1737
P177	6270	5431	0	5424	4704	5744	5527	0
P178	59671	47247	49223	43651	43200	56347	61443	52399
P179	986	0	1001	1335	1200	1103	1145	0
P180	1307	1657	1804	1452	0	0	0	1642
P181	0	0	9757	10560	10846	7761	7601	10228
P182	5935	5957	5322	0	0	0	0	6258
P183	45170	37176	0	34958	39821	34941	39594	38539
P184	838	1028	833	809	943	898	1040	1174
P185	0	5476	6009	7342	7015	6185	6620	0
P186	25436	30244	36197	28460	27145	36591	0	0
P187	2407	2655	1925	0	2800	0	2592	2034
P188	6600	5256	0	5142	0	0	6357	5750
P189	0	0	1652	0	1562	1664	1719	1721
P190	1118	1192	1008	827	944	0	1198	971
P191	1097	0	949	0	0	884	1213	1003
P192	6551	5982	5525	6782	5933	5272	6108	5664
P193	1308	1054	0	0	1098	0	0	1013
P194	1608	1335	1357	1357	1691	1310	0	1766
P195	1505	1339	1568	1512	0	1393	1507	1664
P196	1290	992	920	1152	917	1220	990	1114
P197	810	924	1147	1124	1101	811	813	927
P198	881	859	1028	1090	1194	0	948	1016
P199	38961	37246	39181	0	41908	0	0	34107
P200	1199	929	1028	988	942	1202	1145	1134
P201	1300	1277	1120	929	1373	984	1315	1283
P202	1175	970	904	0	1093	976	1051	1128
P203	2129	1842	2080	0	1533	1910	0	2018
P204	0	121525	119741	0	106657	103137	108358	140978
P205	4395	4381	5736	4862	4746	4676	0	4803
P206	1267	1116	1364	1342	1242	1035	0	1396
P207	22805	0	0	23030	21802	0	23955	29634
P208	105462	108717	95509	133732	134213	110349	101885	133529
P209	0	1046	1082	0	1209	0	0	0
P210	3578	3481	2633	2913	3546	0	3379	2902
P211	1423	1284	0	1396	1041	1177	1246	1480
P212	1105	1053	0	902	1047	1169	1168	1251
P213	930	1143	987	1169	0	1257	1001	930
P214	1568	1243	1421	1709	1636	1602	1626	1585
P215	1226	1260	0	1171	0	0	0	1131
P216	0	1725	0	1824	1525	0	1327	1563
P217	1554	1616	1315	1595	1282	1277	1645	1621
P218	7322	8422	8901	9135	7231	8449	8117	0
P219	0	972	1059	900	1162	0	912	1182
P220	11089	10263	13330	9716	0	10915	9727	14232
P221	822	1084	1018	1072	913	0	878	0
P222	1079	0	1232	960	0	913	1203	1181
P223	1009	0	809	1166	978	1177	1010	0
P224	2581	2880	2216	2226	2746	2810	2246	2330
P225	856	0	871	1029	1203	0	0	923
P226	608685	0	679360	604933	723190	0	607231	697190
P227	15465	15213	14245	20225	17617	17789	0	14899
P228	0	0	0	1231	964	1024	1048	1191
P229	0	3685	4350	0	0	4349	3724	4658
P230	230351	230460	192531	0	0	231906	0	0
P231	1117	1050	1025	1126	0	1101	0	1326
P232	1359	1647	1699	1921	1411	1419	1895	1842
P233	32479	28788	0	31055	29329	34621	0	0
P234	0	40891	42356	37637	40188	53714	0	55200
P235	4763787	0	4710216	4399491	4276253	5160215	4973741	0
P236	1153	1410	1422	0	1348	1361	0	1180
P237	1175	0	1233	1067	1123	1268	1414	0
P238	873	1178	0	0	1153	0	1009	1036
P239	3910	3798	4844	4940	0	4470	3695	4737
P240	1151	1288	1242	1141	1135	1322	1018	956
P241	2207	2176	2706	2362	2210	0	2377	2094
P242	1089	982	1096	967	0	864	1011	907
P243	1972	1885	2093	0	1812	2217	1794	2273
P244	905	1222	0	1046	1019	1020	1158	1230
P245	1525	1351	1711	0	1236	1659	0	1381
P246	815	1003	1045	1059	1176	923	1143	986
P247	2572	2299	2614	2130	2633	2943	0	0
P248	979	1162	1340	984	1252	0	1352	0
P249	1784	1775	1993	2050	1725	0	2125	0
P250	0	2834	3407	2907	3542	0	3578	3166
P251	79383	107687	0	110716	95307	104017	0	102519
P252	962	1362	1259	1143	1069	0	1220	1138
P253	1628	0	0	1946	0	2242	2113	2007
P254	0	1507	1483	0	1127	1339	0	0
P255	0	25368	0	0	0	0	31500	0
P256	0	957422	837332	1074770	0	1126693	797436	1117129
P257	925	0	1147	998	932	1208	1147	1058
P258	19501	17533	16194	14495	19016	0	17469	18942
P259	28624	32651	37236	34792	36113	28589	0	29901
P260	2157	1945	2619	2496	2170	2331	1996	2163
P261	4047	5133	3937	0	4211	5559	5094	4021
P262	6501	0	6211	6932	6798	5879	6327	5980
P263	0	2632	3257	2878	2526	2826	0	2514
P264	0	19672	22390	15782	21987	19778	0	22870
P265	2040	1529	1658	1980	1898	1769	1932	2006
P266	9570	11147	13567	11718	0	12370	11495	11135
P267	1552	1938	2184	2208	0	1939	1892	1721
P268	0	166010	132707	0	159453	181005	0	0
P269	0	0	1066	1438	1167	1238	1216	0
P270	0	1148	1279	0	1010	1296	989	1164
P271	12904	14931	11892	0	14986	0	15538	0
P272	1197	1026	1346	1063	1184	974	0	1193
P273	2137	1681	1884	2056	1906	1579	1802	2081
P274	2341	2599	2484	2314	2630	2877	3025	2714
P275	29853	0	28488	33405	0	0	37147	28518
P276	0	0	858	951	0	852	843	910
P277	30351	29778	35148	33812	33054	0	29426	33635
P278	0	9375	7810	9735	6990	0	0	7836
P279	1618	1727	1409	1610	1501	1245	1462	1233
P280	1214	1384	0	1279	1259	1308	1353	1444
P281	2712	2739	2710	2250	2269	2303	0	2568
P282	1179	1139	1143	1146	881	1213	1076	980
P283	65716	70991	79452	55082	73133	74683	60495	59778
P284	930	1168	0	907	0	1204	849	1028
P285	0	1808	2275	2171	1858	1881	0	2087
P286	6099	0	0	0	5631	6336	5241	6867
P287	14011	13405	14635	16649	13261	13899	17820	16170
P288	0	0	0	1648	1415	0	1453	1719
P289	0	0	1061	1030	928	1055	1001	1239
P290	0	0	1269	1104	0	0	1227	1174
P291	0	21660	0	0	0	21854	17603	21261
P292	6763	8280	7002	9071	8149	8901	7822	8823
P293	12446	13141	13383	14592	15638	0	0	14848
P294	1074	1020	0	0	877	1118	938	1094
P295	1110	953	1050	1159	864	805	904	1120
P296	1705	0	1430	0	1423	1690	0	1880
P297	0	0	54066	67070	0	78483	0	0
P298	1545	1333	1581	1408	1286	0	1357	0
P299	1114	910	0	811	1172	840	993	870
P300	844	859	1184	802	994	0	885	984
P301	1125	1070	959	1282	979	0	0	955
P302	1154	1161	1252	946	1189	0	1135	1133
P303	1388	1175	1385	1150	0	1376	1171	0
P304	2496	2655	2383	2054	2576	2361	2626	2776
P305	2282	2327	1811	0	2490	2398	0	1946
P306	5931	6767	6156	6736	7120	6885	6657	7392
P307	166809	177859	202244	165037	227106	0	213358	178155
P308	1151	1238	1399	1509	1494	0	1476	0
P309	1046	941	0	1163	948	0	840	894
P310	1053	1157	999	843	847	968	876	1170
P311	1083	0	940	902	0	956	988	829
P312	721600	518529	630901	674433	597383	0	506851	600238
P313	75787	89201	68397	0	65858	68515	66787	87397
P314	30362	32485	0	29931	37430	37356	36288	26882
P315	0	7083	5439	0	7534	7336	6431	0
P316	985	0	928	1165	1178	869	839	0
P317	5174	0	4928	4874	4569	5368	5435	4672
P318	947	1238	1090	915	0	1167	0	916
P319	0	1219	1423	1259	0	1471	1511	1273
P320	1657	1609	1697	1660	1635	1360	0	1747
P321	9824	12475	11082	11706	12072	0	9844	10285
P322	6301	6934	0	7471	6171	6937	5885	6224
P323	1558	1089	1121	1586	1223	1507	1443	1147
P324	1278	1322	1437	1562	0	1149	1478	1446
P325	3434	2454	3059	2319	2348	3213	3248	2710
P326	1566	1459	1557	1195	1334	1292	1214	1287
P327	937	1217	1182	0	1035	1203	1227	1204
P328	904	830	969	1035	0	869	953	1172
P329	1123	1079	1180	0	1099	826	917	1168
P330	1088	1411	0	1081	0	1178	0	1476
P331	13365	15802	14701	11081	11658	0	11541	0
P332	1469	1198	1430	1056	1467	1010	1010	1385
P333	3557	2495	0	3292	3560	2524	2863	3278
P334	1086	837	1121	840	1104	1045	1232	0
P335	1971	0	1669	2117	2033	1635	1576	1688
P336	2661	2704	2361	2304	0	2082	0	2220
P337	4239	4927	0	5665	5100	4928	0	0
P338	0	1213	1406	1233	1456	0	0	1124
P339	241427	188499	176917	208630	191201	248147	169604	0
P340	0	2485	0	2855	2688	2789	2078	0
P341	0	0	1224	994	1037	1347	1078	1013
P342	289020	327433	252988	338404	237207	314929	251126	241450
P343	0	21500	20490	19938	19056	17382	20223	22276
P344	846	887	963	1009	0	0	936	1016
P345	2518703	0	0	2800797	1982447	0	2037977	0
P346	4529	5108	3906	4315	5075	4727	0	4607
P347	13685	11835	0	0	0	0	13356	13660
P348	128204	0	151945	151774	0	156760	145860	124889
P349	59161	58455	53859	51974	56498	51428	53338	55637
P350	1629	1503	1710	1835	1471	1468	0	0
P351	1655	1839	1595	0	2390	2064	2080	1855
P352	5750	5207	5580	5049	0	5578	6165	0
P353	129922	0	155335	131626	175528	131083	158456	146346
P354	13918	0	0	19828	15259	18948	13862	13970
P355	2277	1893	0	0	2323	2461	2408	2642
P356	48550	0	39040	43945	0	35058	38719	46296
P357	1504	1700	1855	1376	0	0	1303	1777
P358	1264	0	1313	0	1355	981	1018	1249
P359	6990	8788	8301	9361	6888	0	8430	7325
P360	1221	0	1188	1025	0	0	984	1103
P361	873	1194	0	1078	1046	1143	954	1087
P362	0	1489	1508	1337	1190	0	1389	1360
P363	910	0	1121	1133	1127	1165	828	1204
P364	1091	0	0	0	1028	929	909	988
P365	43720	40106	38311	40549	39833	41384	0	41980
P366	196728	181908	190648	235236	0	252073	186491	250530
P367	3307	2444	0	2853	2916	2644	2626	2535
P368	110856	115890	120771	118162	122518	95203	0	103746
P369	1051	930	1022	0	0	812	949	1127
P370	0	0	1170	1173	1353	1163	0	0
P371	5349	4891	4294	4882	0	5790	0	4666
P372	1144	1191	851	1185	1190	1222	1133	923
P373	9927	10304	11314	9112	9065	0	10179	8258
P374	25157	22395	26314	20075	18175	20217	26292	24100
P375	7095	5014	7002	0	6485	5650	6407	0
P376	1698	1945	1456	0	1562	1489	0	1413
P377	0	3406	3578	4061	3177	3321	0	0
P378	0	1084	1173	1202	1046	1200	1188	1147
P379	1167	821	0	0	1125	0	1100	1027
P380	20116	21568	0	19289	18490	22799	23216	21870
P381	2266	0	1987	1876	2148	1835	2237	2106
P382	2807	2763	0	0	2837	2973	0	2789
P383	1175	1268	0	1173	0	997	1085	1044
P384	1446	1086	0	1551	1043	1281	1286	0
P385	0	0	1631	2191	0	0	1633	1648
P386	1025	813	0	1088	1089	0	830	1201
P387	32900	26408	31890	23964	29463	28967	0	25252
P388	17651	0	0	16018	14538	15896	0	14612
P389	968	1185	1175	1153	0	0	849	0
P390	41129	0	0	0	59032	0	0	49030
P391	1370	1528	1549	1882	1748	1878	1608	0
P392	1016	1184	1111	1040	0	1000	983	0
P393	58805	54795	47313	0	51600	0	51039	47190
P394	35172	0	41129	39588	28422	0	36311	30217
P395	1197	997	995	0	0	1020	0	0
P396	5269	4630	4782	5449	0	6235	0	5963
P397	1261	0	1667	1523	1236	0	0	1433
P398	35891	0	0	36585	32764	35727	30165	32171
P399	1231	1236	1198	1319	1317	960	1231	1171
P400	1765	1945	1437	1841	1953	1708	2056	1782
P401	9729	12114	0	10295	14018	11218	0	0
P402	890	0	956	1189	887	965	1222	883
P403	1226	981	1040	940	1011	929	1230	1096
P404	0	1038	1149	1081	1222	1004	1112	0
P405	1574	1102	1328	1456	1487	1553	1572	1340
P406	1209	1168	1293	0	931	0	1090	1115
P407	0	3121	2646	3416	3651	2580	0	3049
P408	0	0	0	1036	1265	1358	981	1175
P409	2298	0	2091	2331	2747	2200	2758	2964
P410	1241	1041	1145	1039	1161	0	0	1093
P411	954	0	0	886	1159	0	0	0
P412	2302	2366	0	2199	2861	2561	2282	3175
P413	1635	1558	1755	1658	2047	1819	1636	1537
P414	1203	983	965	1163	1275	1373	974	0
P415	1097	1123	0	1481	1373	1192	1082	1496
P416	284602	314391	236663	0	310216	0	0	236140
P417	0	2174	2161	0	1851	1961	2164	2213
P418	1088	1233	1079	1098	975	1013	994	889
P419	925	1006	1039	978	0	1213	1103	994
P420	5130	6729	6067	6837	5330	7096	6227	0
P421	1724	1587	2125	0	1567	1691	1516	2088
P422	345345	320180	0	0	0	388870	323342	266966
P423	1370	1224	926	1130	1336	1054	1343	1200
P424	27492	0	22921	22286	20284	25050	26704	23248
P425	931	963	987	1158	1111	1158	1199	1153
P426	51441	50734	41930	42437	0	57900	40578	57856
P427	3224	3346	3446	2462	0	2375	3056	3348
P428	954	939	1198	1180	1198	1175	893	1229
P429	1438	1336	1334	0	1125	1131	0	1460
P430	4326	0	3607	3336	3127	0	4422	3002
P431	1312	1322	1141	995	1279	1438	1340	1087
P432	68095	0	72779	52327	67397	0	77661	65363
P433	1999	1532	0	1906	1998	0	1881	1625
P434	0	1926	1949	2656	0	2131	2452	0
P435	982	1222	0	1188	1124	0	1292	1363
P436	1989	1634	0	0	2199	1624	2049	1653
P437	33350	36322	32092	41472	32028	37022	35127	0
P438	5436	0	0	5882	4469	4828	4463	5090
P439	5117	5973	5315	4389	4446	0	0	4390
P440	0	209898	201739	200225	182830	0	190854	171029
P441	1453	1840	0	1867	1476	1808	1736	1566
P442	2569	2609	2181	2577	0	2386	2569	1764
P443	522479	384628	389365	517727	448677	514987	0	388606
P444	0	1084	1123	0	1113	0	1034	1230
P445	2917	3145	0	2962	3435	3102	0	0
P446	2717	2681	2518	0	0	2988	2668	2934
P447	935	914	0	1255	922	1139	0	993
P448	2960	3583	3286	2626	0	2599	0	2459
P449	1231	1411	1421	0	1356	1098	1069	1462
P450	58791	51029	0	48104	66184	48181	59094	52912
P451	13180	10911	15753	13358	13299	12553	14097	12847
P452	0	1229	1046	1077	1286	1209	939	0
P453	3914	4873	3486	4635	4174	4422	4338	4242
P454	903	960	1189	881	1021	863	0	1061
P455	26919	34333	34975	39910	38540	33627	30568	0
P456	0	0	1493	0	0	1206	0	1184
P457	1154	1158	1156	1252	877	0	0	1078
P458	1389	1585	1523	1159	1169	0	1254	1489
P459	1809	0	2109	0	2462	0	2412	1713
P460	0	941	1050	1273	1115	1322	1284	1212
P461	22774	27144	29011	27176	0	22202	28186	30135
P462	7904	8344	10284	10367	8467	10825	8786	9845
P463	1097	901	1095	1190	0	1141	1034	0
P464	3342	3124	2372	2974	0	2940	3244	2825
P465	2723	2907	2869	2390	0	2298	2833	0
P466	1629	1816	1965	1597	1649	0	1752	0
P467	0	1061	1042	1284	982	965	926	1304
P468	973	1163	951	1274	0	1270	990	1110
P469	1271	1050	1140	1264	1111	919	1205	1199
P470	1211	1129	1113	1400	0	990	1336	1145
P471	6772	6081	5150	6985	6013	5815	0	5346
P472	3322	0	3797	2973	0	3541	2909	2762
P473	9126	9365	0	9283	8163	8211	8788	9582
P474	2170	2044	1948	0	2073	1974	0	2352
P475	0	3434	0	2890	3238	3743	3946	2679
P476	1136	1208	1332	0	1504	0	0	1595
P477	1087	907	966	1176	1027	0	1098	979
P478	12510	9417	0	11749	10073	0	9500	9829
P479	188291	236365	201339	0	0	190015	0	189176
P480	1406	1080	1264	0	1392	959	1347	986
P481	0	8890	8792	0	10548	8304	9511	10356
P482	2851	2768	2990	2755	3213	3218	0	0
P483	9936	10724	8839	0	10775	9671	0	11144
P484	9555	12548	11098	0	0	12622	11450	0
P485	10469	11040	13211	10151	14750	10622	10386	11050
P486	2436	2266	0	2392	2242	2555	2323	1866
P487	19783	20920	18968	16928	0	19468	0	17952
P488	956	825	1023	867	1083	1116	0	1180
P489	158845	186748	174162	191167	0	183434	0	182751
P490	1487	1762	1808	2077	2061	0	1783	2005
P491	63593	78402	54200	68560	0	58774	65161	61639
P492	1135	1105	883	1115	859	1185	1093	858
P493	0	3016	3700	3545	3218	3691	0	3192
P494	1257	1688	1337	0	1212	1272	1185	0
P495	0	2914	2561	2357	2823	2332	2338	2269
P496	162765	0	144677	0	160942	147334	166193	178323
P497	20342	17240	15818	16446	16852	0	0	20696
P498	8186	10891	11399	11046	8715	0	8630	10007
P499	6810	8397	7688	0	0	7158	0	8971
P500	2154	0	2020	1864	2360	2311	1965	1727
P501	1552	1717	1759	1267	1642	1282	1791	0
P502	1155	1301	0	924	1034	1232	1199	1330
P503	24767	21493	30630	0	27370	21058	0	20635
P504	31101	27746	0	0	0	31537	29963	27597
P505	2943	0	3172	2594	3340	0	3086	2418
P506	13171	11133	15095	11576	0	15440	12225	16364
P507	1678	1769	0	2015	2234	1966	0	1754
P508	16880	16552	14640	15492	16289	15367	20179	0
P509	0	922	981	0	1172	976	932	0
P510	1726	1410	1504	1914	1341	1870	1667	1328
P511	6928	6145	0	5630	5805	6835	0	6942
P512	0	6138	6731	0	7719	7680	7068	8251
P513	21038	0	0	22301	23139	20536	18491	25351
P514	30058	0	28418	35422	0	0	0	37210
P515	18445	19988	0	19407	18018	0	18706	16023
P516	1146	886	1005	979	1141	1005	926	857
P517	854	1141	0	879	0	0	1223	1069
P518	9066	0	7592	7250	6555	0	0	7097
P519	2204	2255	2306	1938	0	2579	2331	2600
P520	0	861	965	1100	1153	890	1071	881
P521	0	3513	0	4978	4477	4924	4710	3614
P522	1129	1200	884	975	0	0	895	0
P523	7729	7390	9449	9259	7160	8498	9829	8234
P524	1533	1185	0	1245	0	1465	1366	1466
P525	3102	0	2574	3192	0	2705	3011	0
P526	0	974	0	1074	1197	947	981	934
P527	0	1045	871	0	0	0	1257	1263
P528	1305	1293	1711	1219	1504	1249	1293	1486
P529	968	868	984	1239	1120	867	0	872
P530	194284	0	233819	0	256704	0	0	196015
P531	3985	4388	4317	4270	3824	4397	3235	3640
P532	1809	1534	1677	1405	1354	1683	0	1381
P533	1000	0	1146	1120	911	859	0	968
P534	1834	1425	1349	1751	1727	0	1846	1293
P535	0	1884	0	2118	0	1860	0	1916
P536	1344	0	1329	1529	1756	1492	1648	1415
P537	1545	0	1393	1413	1526	0	1484	1592
P538	1148	1190	0	0	0	1070	903	953
P539	4751	3888	5335	5247	5072	4567	4807	4047
P540	0	1117	0	0	1126	1196	1204	1331
P541	44406	45685	38176	50944	0	43029	0	50960
P542	23556	20602	22802	21540	16355	17182	16924	19831
P543	238276	266084	223555	0	220076	243155	208984	0
P544	1200	984	0	1054	857	908	896	1050
P545	0	71537	0	53657	57228	67806	65976	0
P546	0	0	3877	3796	3466	0	3989	3922
P547	2677	0	2795	0	2949	3007	2269	0
P548	0	0	70777	59141	69004	75737	0	59102
P549	1150	910	1211	979	1302	1003	1077	993
P550	983	0	0	1152	0	1080	983	821
P551	1370	0	1208	1064	0	1352	978	1172
P552	821	1076	905	869	1141	1013	990	1114
P553	392885	516129	505628	492793	358124	388013	515699	496667
P554	6677	8689	7599	6935	7926	6990	7713	8016
P555	1063	1019	849	1068	0	1025	0	1107
P556	2204	1636	1768	0	2242	1651	2016	1697
P557	1236	907	1050	1317	985	0	968	1329
P558	1684	1583	1655	1251	1661	1188	1678	1221
P559	2444	2594	2133	2140	0	2249	2301	2592
P560	0	16056	18209	12877	0	17589	14315	15771
P561	1019	1064	914	0	0	1161	1107	1014
P562	70188	0	94665	74285	93001	90274	0	70837
P563	1040	1237	1278	928	1191	0	1101	1284
P564	23341	0	26522	26266	27370	0	0	26518
P565	3662	3207	3519	3433	3099	2552	2601	3437
P566	4996	0	0	5052	4685	4502	5625	4934
P567	1314	1804	1535	1752	1396	1268	1748	1467
P568	0	7759	8140	7083	8409	0	8467	9728
P569	1233	1239	0	1187	1244	0	1225	0
P570	3306	0	3765	3073	3755	2721	3460	3108
P571	809	1177	1087	1121	836	0	865	1146
P572	0	1679	1615	1178	1438	1459	1638	1500
P573	139872	0	171529	0	160126	144351	128549	169812
P574	0	0	1104	1042	917	879	1067	896
P575	1747	1740	1479	0	1735	0	0	0
P576	825	1156	0	858	0	968	860	0
P577	0	915	964	951	1116	1183	993	1161
P578	55039	63213	56594	0	0	52981	65637	61414
P579	58662	81555	0	63196	69249	0	58314	0
P580	0	1104	1160	949	1336	1092	0	0
P581	1920	2077	1661	2087	1462	1643	0	2057
P582	22032	24587	23787	24895	29934	24989	30004	28898
P583	2114	2238	1794	2634	0	1998	1822	0
P584	1111	1071	1360	1023	1266	0	1222	1202
P585	194696	167093	196478	0	0	0	167451	0
P586	158421	154803	162937	177547	210612	197899	153991	198669
P587	1320	1371	0	1108	1182	1324	1264	1260
P588	8678	11319	11610	0	8939	8971	9623	0
P589	1460	1290	1399	0	1137	0	1386	0
P590	1067	0	1109	1079	1000	960	974	976
P591	838	950	911	1058	1103	929	1032	1130
P592	1003	905	0	1176	867	899	837	1100
P593	2503	2186	2715	2834	3270	0	2281	0
P594	3785	0	3795	4466	4564	3764	5088	3593
P595	958	823	806	1098	967	861	0	0
P596	7266	6709	8743	9287	7229	7697	6342	0
P597	3573	3886	3342	0	3979	3568	3439	4021
P598	1335	1261	0	1310	992	0	1172	1189
P599	1458	0	1289	1528	1574	0	0	1822
P600	0	0	2361	2256	2088	2011	2069	2682
P601	0	1157	1244	966	940	1015	1104	0
P602	143119	165272	158193	198636	183584	171204	0	135884
P603	985	1167	1417	0	0	1266	1246	1431
P604	0	0	956	0	964	1046	1017	926
P605	0	16431	17719	0	0	14050	20912	16827
P606	1126	1082	987	0	982	0	0	982
P607	4231	4649	4588	3980	3437	0	4958	0
P608	2083	1912	2030	1892	0	0	1508	2087
P609	1365	0	1047	1393	1508	1344	0	1465
P610	1098	1106	840	1099	0	952	934	822
P611	3701	3571	3189	0	2675	3121	2937	0
P612	793710	627824	858028	778665	764149	648465	812592	662927
P613	992	959	1239	1055	1328	1291	985	0
P614	26697	26297	22483	26170	28941	26001	21715	22929
P615	969	1154	921	1214	1222	0	947	0
P616	0	29347	30531	24057	22661	21357	27942	22420
P617	1118	0	1046	910	896	933	827	1101
P618	0	21324	0	24489	22356	20716	0	26607
P619	1753	0	1945	0	1659	2089	1707	1818
P620	0	1150	991	954	1124	934	1181	944
P621	1599	1586	1351	1561	1201	1280	1267	1506
P622	6782	7028	0	6486	6241	8228	0	6093
P623	1979	2016	2132	2296	2499	2003	0	2325
P624	1022	1110	0	1074	1127	1115	994	846
P625	2068	1967	1652	2015	1916	1935	2001	1572
P626	1543	0	1947	1740	1664	1802	1616	2088
P627	22159	26177	30380	0	30777	0	26363	26837
P628	1235	1083	1095	889	1234	1037	0	1273
P629	1496	1649	0	1596	2007	1729	0	0
P630	1440	1322	1510	1361	0	0	1416	1318
P631	1095	0	1132	975	1019	978	0	0
P632	1429	1236	1553	1627	1491	1490	1773	1610
P633	1037	0	1506	1035	0	1113	1386	1525
P634	9010	9229	9346	8424	7854	8645	7218	7279
P635	6324	4591	6213	0	5371	5638	6030	0
P636	21137	17896	22614	0	0	15684	18900	16973
P637	1088	1020	0	0	1287	1248	1040	0
P638	1205	1037	0	993	912	1162	990	0
P639	0	1208	829	1040	1075	951	914	1140
P640	1110	1203	997	1071	1152	1035	1037	0
P641	1647	2239	1867	2033	2318	0	1954	0
P642	114910	112375	110267	119195	0	0	108882	0
P643	1521	1064	1290	1170	1083	1310	0	1139
P644	38708	33364	45187	48437	0	41978	45836	45006
P645	1535	1189	1452	1113	1418	1375	1436	0
P646	4425	3769	4425	3417	4287	3277	4161	3250
P647	0	947	1197	973	1210	1101	1134	955
P648	0	3307	4049	0	3675	0	3811	3434
P649	19707	26978	24926	0	22850	24344	24597	25659
P650	1514	1503	1451	1145	1177	1457	1366	1157
P651	0	0	1212	903	1086	0	1111	1063
P652	1737	1402	0	1326	1485	1660	1550	1741
P653	10699	13119	11644	9184	13332	0	12301	11489
P654	1199	1177	876	841	983	809	1001	1098
P655	1546	0	0	1931	1909	1937	0	0
P656	1214	1138	0	893	0	0	1048	855
P657	0	8872	0	0	9908	11469	0	11149
P658	0	5791	5021	4681	6081	0	0	4864
P659	2666	3638	3167	0	0	3287	3328	2773
P660	855	1195	966	997	1036	1073	0	1054
P661	1594	1556	1773	1552	1626	1336	1756	1641
P662	0	12122	12509	10369	12082	12964	0	13908
P663	2488	2417	2772	2668	0	2142	0	2201
P664	1803	1767	1232	1377	1279	1459	1488	1315
P665	966	994	0	0	0	0	1292	934
P666	3393	3380	3616	3710	4367	0	3473	4139
P667	2327	2971	2243	3070	0	3241	2658	2727
P668	0	3017	2327	2992	3124	0	0	2429
P669	8411	8718	10200	9768	8344	10350	8273	9825
P670	0	1214	1033	914	1072	1107	0	0
P671	0	0	1088	892	1123	979	1162	1055
P672	1101	882	860	1082	1038	1120	1046	1223
P673	9876	9308	0	0	0	0	0	0
P674	0	111500	130035	104781	0	96020	0	87656
P675	1116	1077	0	1444	1215	0	1129	1460
P676	1063	1271	1199	1053	1256	1302	1315	1099
P677	1081	1089	968	1011	986	1106	998	1071
P678	1212	1144	917	1010	1102	940	900	1034
P679	878	0	852	1000	0	0	1040	939
P680	1530	1476	1828	2034	1534	1604	1604	1675
P681	1705	1661	2213	0	0	2339	0	2251
P682	0	1094	0	807	1151	1170	1042	0
P683	1607	0	0	1186	1441	0	1512	0
P684	855	1010	974	878	1078	975	1084	0
P685	5172	5377	5224	5621	5504	0	5257	4328
P686	1043	922	996	1124	1152	1127	836	1109
P687	0	50086	43910	51871	42471	39195	0	50211
P688	2342	2903	2440	3022	2395	3024	2748	2970
P689	6154	5850	7757	6519	7876	6462	0	5885
P690	0	949	905	1057	1201	959	0	916
P691	0	878	1207	968	1057	986	1139	1118
P692	0	1320	0	1174	1245	969	1097	1200
P693	0	8096	7402	7184	7374	6844	6492	0
P694	1391	1024	0	1061	1026	1427	0	981
P695	35005	36814	30652	34229	0	42024	38205	42789
P696	0	2728	2485	3428	3242	3336	0	3354
P697	917	0	1043	1162	1106	0	1157	1139
P698	963	1258	1140	0	927	1007	1110	957
P699	0	1024	1027	981	0	0	1350	0
P700	1071	0	1006	1002	1133	0	1252	1317
P701	4325	4341	3742	3423	4347	4582	4070	4489
P702	5169	0	0	5440	5267	4632	6431	5614
P703	1171	0	1117	1083	897	889	1153	937
P704	3840	5536	4835	5177	0	0	3992	0
P705	1183	0	894	922	947	841	864	1149
P706	0	0	4223	4022	4278	0	4911	4323
P707	0	0	4246	4695	4303	4884	3466	0
P708	8372	11009	0	10448	9859	9021	11087	8206
P709	1092	1193	830	1072	1071	979	1065	0
P710	2381	2575	2540	2266	2434	2845	2152	2759
P711	868	1007	823	1191	0	0	0	917
P712	1014	925	925	1007	821	1139	1033	852
P713	0	1126	1187	0	1112	1188	1265	1164
P714	836	0	1051	918	898	1215	1094	0
P715	0	1007	0	1066	1244	0	991	0
P716	0	1412	1281	0	0	0	0	1372
P717	993	1052	1102	963	0	977	883	834
P718	6777	6092	6632	6009	0	7950	5568	7453
P719	2732	2651	2039	2923	2463	2096	2742	2500
P720	1159	1166	0	1199	1029	882	1102	0
P721	12480	16281	11801	15347	11299	15313	14791	13438
P722	16813	16580	15259	12411	12554	13936	11673	16305
P723	2330	2335	0	1855	1746	1826	1692	2320
P724	1237	1373	0	1245	0	1227	1116	1035
P725	0	6716	0	6881	6709	6114	6929	5156
P726	1020	1084	850	918	0	0	923	862
P727	119146	0	114011	115502	141517	124541	0	139846
P728	0	121424	141841	140034	115076	148133	156163	123883
P729	1179	1093	1085	1229	1286	980	982	976
P730	50525	52763	0	45273	43628	0	48315	58767
P731	13892	14595	17482	14769	16530	17557	0	16224
P732	7142	5451	0	4851	0	0	0	0
P733	2328198	2333535	1926883	2049637	2103240	1681262	2412388	2094350
P734	31899	26135	26362	30383	30193	0	25901	23879
P735	1141	892	0	960	1158	1052	1271	1026
P736	0	0	1572	1624	1148	0	1188	1345
P737	2416	2128	0	2052	0	0	1824	2084
P738	5716	6452	6349	5714	5279	4875	6591	5614
P739	0	1274	1016	1119	0	1330	0	1234
P740	432326	595356	486328	581232	440559	514361	0	559007
P741	1526	1830	1722	1563	1866	0	1530	1897
P742	1567	1346	1569	0	1415	1497	1413	1356
P743	2217	2405	2636	2119	2301	2108	2290	2607
P744	917	917	1015	968	838	987	940	1170
P745	1063	1050	1417	1061	1554	1553	1255	1166
P746	20756	21670	0	24297	26179	20903	18950	19515
P747	0	6666	5797	6041	0	5777	0	6790
P748	4234	4020	0	3806	3339	4197	0	4155
P749	847	1071	1034	1009	858	1174	1114	1174
P750	2696	0	3090	0	2365	3100	2751	2600
P751	0	953	0	872	1161	0	963	1119
P752	0	4648	0	6462	5589	5427	0	0
P753	0	2097	2114	0	1926	2687	2220	2552
P754	903	942	812	1178	987	0	809	1127
P755	973	1151	1105	0	1115	1244	1129	0
P756	1167	0	0	1158	1030	0	1188	1216
P757	6487	5734	8054	6260	5982	8078	7116	0
P758	0	33935	27242	0	0	27670	37878	27576
P759	193357	0	221259	201984	211360	230726	193607	205048
P760	1294	1285	1485	1193	1046	1185	1015	0
P761	1569	1409	1757	0	1706	1809	1459	1591
P762	1978	0	0	2445	1755	2378	2004	0
P763	1691	1746	0	1441	1291	1464	1437	1579
P764	0	0	1001	0	0	1241	0	0
P765	1111	1247	1276	0	1167	955	1136	975
P766	0	0	1206	0	0	955	1002	0
P767	1793	2043	2147	1528	1939	1492	1854	1991
P768	0	0	0	2372	0	0	0	1870
P769	4633	5310	5520	0	5179	5216	4609	3942
P770	0	16268	0	15061	17965	17083	20588	21658
P771	1212	1159	1130	1343	1301	1165	0	1270
P772	1121	852	1172	0	1056	1179	1114	1080
P773	1819	1591	0	1982	0	1913	0	1571
P774	29037	25415	26293	26449	0	23120	22270	31510
P775	1199	0	1231	1240	0	0	1129	1072
P776	0	2515	2082	2279	1839	0	1969	2323
P777	0	1253	1204	1041	1313	949	1019	1006
P778	5731	5907	5987	0	5299	5409	0	6384
P779	0	1365	1337	1070	1326	1065	1207	1183
P780	2220	2102	0	1968	1913	2560	1952	1769
P781	1061	1194	1054	1192	1047	992	0	850
P782	1299	1247	1505	1390	1186	1184	0	1090
P783	1633	2048	1975	1581	2131	1962	1901	2242
P784	0	1060	857	0	977	878	1063	1128
P785	106054	123143	109585	102594	0	113331	134639	132458
P786	10032	0	0	0	11276	11675	0	10963
P787	3075	0	2583	3537	0	2778	3094	3271
P788	981	1067	1050	1226	1080	0	1011	890
P789	1124	1190	1330	1350	1259	1174	1351	1279
P790	0	31943	26467	28138	26602	29256	0	29154
P791	0	0	59115	59404	57318	49920	47905	0
P792	3123	2687	3217	2182	0	2396	2193	2541
P793	1033	1257	1238	912	939	1178	0	1261
P794	864	1172	0	1241	867	1022	1033	1280
P795	3725	4393	4392	4578	4602	3652	4027	0
P796	0	13615	13497	11412	12336	12203	13139	0
P797	27057	30839	26220	0	24271	0	32513	0
P798	19105	18303	19166	14775	0	16757	17191	19134
P799	1485	1106	0	1498	1394	1388	1378	1492
P800	983	1241	1381	1305	1218	1085	0	1273
P801	3112	2775	3148	2573	3407	0	0	2583
P802	0	830	1139	905	852	1108	890	850
P803	25527	0	20675	18826	18562	24511	0	25211
P804	0	1957	0	1830	1532	1659	1504	1383
P805	13391	12626	0	0	13400	11069	11689	12226
P806	0	1023	1112	813	0	1080	833	932
P807	4950	5397	0	4889	0	6457	6135	6002
P808	1193	993	940	965	1178	1044	0	1198
P809	2146	2414	0	1872	2013	2332	1642	2262
P810	0	0	918	1167	1020	1055	967	1254
P811	1200	1163	0	1475	1072	0	1509	1272
P812	3077	0	3074	3668	3233	3594	3724	3019
P813	811	904	1026	0	0	843	942	1061
P814	20483	22404	20368	20382	0	19753	0	0
P815	0	0	0	0	899	932	949	1003
P816	1305	1071	1125	1226	1199	1339	1072	1378
P817	899	0	930	951	849	0	1202	916
P818	1053	0	1101	803	0	1141	973	889
P819	1187	966	1110	1065	0	1002	1089	941
P820	0	1180	0	1016	839	1016	1156	883
P821	578269	565987	580688	461101	0	548862	516053	403168
P822	2217602	2340950	2096434	2115066	2330383	2006479	1695432	2265035
P823	12940	11655	16069	14661	13190	0	15866	11884
P824	1488	0	1236	0	1206	1228	1288	1583
P825	819	0	1188	991	1009	940	880	0
P826	843	1134	1207	0	1004	0	897	0
P827	1720	2163	1540	1787	1886	2105	2208	2205
P828	1191	1005	1241	0	1200	1032	971	897
P829	0	3545	2894	2998	2772	2760	2770	3235
P830	2693	0	2413	2436	0	2759	2964	2978
P831	884	826	932	907	0	983	1035	0
P832	0	0	2256	2055	2271	2354	2024	2162
P833	0	2963	3288	2794	3073	3986	0	3826
P834	982	0	1151	1420	1198	1072	1347	0
P835	2599	2179	1816	2374	1861	1908	2685	0
P836	143690	142994	148070	0	133956	120410	0	118977
P837	0	987	0	1029	1100	1151	1153	1342
P838	1326	1031	0	1325	0	1445	1275	1502
P839	949	1128	1226	955	890	917	960	867
P840	0	1731	1917	2140	1559	2208	1700	1863
P841	1441	0	0	1374	0	1183	1680	0
P842	5860	5287	5784	0	5509	0	6110	0
P843	0	1057	0	0	0	1138	1182	0
P844	0	2892	2903	0	2268	0	2265	2500
P845	1897	1760	1666	2048	2142	1789	1936	1971
P846	5306	7538	0	5276	0	6626	0	5632
P847	20995	29417	25442	22225	27840	25606	0	0
P848	962	0	967	883	1140	1008	1164	1094
P849	25776	23283	24008	0	21527	0	21131	25026
P850	7551	9102	0	7157	8087	6685	8276	0
P851	1518	1657	1785	1411	1752	1308	1756	1708
P852	5759	5487	4417	0	5422	6270	4394	6065
P853	5218	0	5345	5363	5095	5217	3759	0
P854	3068	3544	0	0	3684	2956	3486	3642
P855	2134	2207	2085	1786	1883	1966	1807	2038
P856	1352	1341	1130	0	996	0	940	1304
P857	2136	0	0	0	2276	2707	2480	2829
P858	13109	0	10431	10379	10562	11592	0	0
P859	851	857	881	870	1235	0	1246	873
P860	0	1202	850	865	919	1058	929	1057
P861	1547	1527	1391	0	1359	1398	1376	1248
P862	61825	49620	61724	50233	50911	53514	61060	48768
P863	13199	9626	9955	11509	0	11743	10903	12764
P864	0	160750	113132	0	132315	125992	132333	119610
P865	37982	35309	32204	35375	0	37236	32597	39563
P866	1352	1316	1237	1439	0	0	0	0
P867	1089	1162	0	0	966	1139	1156	912
P868	2873	0	2544	3726	0	2799	2963	0
P869	0	91207	109000	101548	109030	103777	79762	81718
P870	1121	0	997	1139	1018	1185	1001	963
P871	0	0	1633	1562	1886	1501	1748	1738
P872	9424	0	0	10059	8421	8369	8115	7825
P873	1976	1343	1374	0	1927	0	1792	1951
P874	1133	1411	1551	1205	1178	1491	0	0
P875	3990	4291	3722	0	3858	3618	3787	4753
P876	1118	1222	0	0	1048	1148	958	1185
P877	50616	56865	43893	48986	64222	0	0	56403
P878	15816	14405	16658	13688	14965	0	14699	18570
P879	1105	1088	1023	0	1297	937	1219	1040
P880	1464	1322	1136	1473	1327	1543	1553	1105
P881	1254	1515	1159	1602	1199	1374	1667	1134
P882	1310	1127	0	0	1018	1003	1157	1283
P883	367783	0	0	352319	371029	339109	285245	326505
P884	0	3019	2598	2213	2114	0	2798	2924
P885	2028	2175	1863	1645	2130	2246	2047	1992
P886	3300	3037	3512	2782	0	0	3109	3170
P887	1247	0	0	928	1039	1054	0	1121
P888	0	27053	25531	26556	26191	26497	0	30795
P889	11314	11099	0	0	9791	11104	8340	7822
P890	2619	2174	0	2402	2419	2463	1981	0
P891	1129	0	877	0	862	1093	1196	1091
P892	2748	2512	0	3119	3092	3246	2367	0
P893	923	994	1079	1057	1038	1025	0	870
P894	2232	1749	1868	2088	2422	1784	2079	0
P895	3347	4404	3332	0	3470	4801	4445	4172
P896	1140	0	1432	1580	1132	1415	1242	1193
P897	0	1399	0	0	1124	1338	984	1218
P898	30000	26885	26649	26665	23746	26481	32386	32399
P899	2089303	2070197	1776371	2012257	2080258	2207097	1807299	2534186
P900	2344	2941	0	3273	3329	2305	2498	2666
P901	15740	12269	13619	13300	15673	12186	0	13394
P902	1128	1427	0	1324	1248	1236	1364	1361
P903	1058	1262	0	968	937	1117	0	0
P904	1359	1530	1676	1381	0	1253	1354	1468
P905	0	0	4939	6524	5440	4967	6285	6697
P906	0	1470	1666	1918	1623	1555	1923	1647
P907	18759	0	23959	17439	17713	20696	0	17894
P908	1258	1194	1222	1032	0	952	930	1253
P909	1234	1052	1052	0	888	925	969	1101
P910	2279	0	2505	2030	1982	2041	2108	2123
P911	4024	0	4192	4107	4001	4259	4319	4631
P912	1192	1195	1036	1161	0	899	0	999
P913	1720	1844	1987	2055	1692	1714	0	0
P914	0	1426	1407	0	1597	1782	1743	0
P915	3943	3597	3361	0	0	3500	0	0
P916	4488	0	5127	0	4350	4910	4433	5051
P917	1259	926	1345	0	0	1049	0	1127
P918	495869	411449	437435	485029	335834	0	0	477855
P919	1686	1275	1323	0	1388	1548	1259	1722
P920	4313	4649	0	4050	4226	4856	3981	3968
P921	1844	2101	2053	1770	1863	1703	1830	0
P922	956	1122	1175	1057	1163	0	0	1178
P923	5003	5350	6124	5511	0	5170	6560	5843
P924	0	912	1116	1002	957	0	1163	1084
P925	1047	1062	992	1070	1235	972	0	1002
P926	0	1170	0	979	0	956	982	1165
P927	235865	0	206074	215655	211021	239635	0	197713
P928	1375	1459	1446	1637	1401	1676	1584	0
P929	932	1030	0	933	0	1023	1179	1057
P930	1411	1349	1343	1737	0	1364	1706	0
P931	2434	0	2438	1692	1779	2301	2479	0
P932	17512	0	13911	0	12476	14689	13678	15701
P933	875	874	972	1098	1077	0	1136	882
P934	1581	1756	0	1424	1431	1603	1270	1691
P935	2938	3659	3219	3096	0	2736	3678	3632
P936	0	8344	0	8208	7138	7683	8190	6038
P937	920	977	961	1111	0	0	818	0
P938	1064	1087	974	1092	0	1313	0	1240
P939	877	1057	825	1135	944	1127	0	1218
P940	0	18204	23488	0	0	0	22853	0
P941	538290	0	0	518092	544617	378755	380147	535951
P942	0	864	1105	0	1192	1213	0	0
P943	0	1127	956	1091	1087	900	1200	934
P944	1228	0	1067	1202	1307	1327	0	0
P945	1610	2081	0	1477	0	2058	1538	1598
P946	975	1116	922	1305	0	1245	1169	1316
P947	959	1104	0	846	0	1111	894	0
P948	14422	15802	15562	16857	12273	0	14347	16617
P949	3854	3827	4566	3367	3631	3772	3751	4321
P950	8068	7385	7758	7202	0	0	8459	7630
P951	1649	1281	0	1577	1693	1662	1723	1674
P952	0	0	12092	12390	10527	0	11826	14239
P953	0	61684	51553	0	50287	53826	42724	61086
P954	0	0	1344	1341	1073	1297	1393	1088
P955	4118	4246	3845	3958	3254	3487	4184	3137
P956	1249	0	1201	1354	1197	1142	1223	0
P957	990	829	0	1085	999	0	0	812
P958	1106	1075	894	0	1274	0	0	1265
P959	904	0	1037	1070	964	1021	1273	0
P960	3011	2252	0	0	0	2834	0	0
P961	8025	8234	0	8111	7079	0	7750	6394
P962	1157	1141	0	0	1203	885	0	1227
P963	44823	41752	54847	59578	43607	43705	44406	57408
P964	34754	41499	31306	43328	36062	37811	38443	34444
P965	1131	1032	964	1105	885	1159	1211	934
P966	118108	133454	118920	125519	0	154388	134893	166554
P967	13592	12833	0	0	0	13716	9930	12424
P968	1670	0	1331	0	1349	1490	1511	1606
P969	3216	3337	3751	3664	2947	3887	0	3765
P970	1217	995	1303	0	0	1241	1191	1133
P971	1241	1479	1246	1380	1405	1267	1701	0
P972	1275191	1279679	964079	1285003	1097107	0	959889	1142981
P973	2131	2066	0	2860	2775	0	2936	2090
P974	4082	3163	3187	0	3700	3305	3991	0
P975	1626	1333	0	1490	1422	1589	0	0
P976	3182	3178	2425	2563	2472	2908	2492	2558
P977	1407	1309	1374	1132	1139	0	0	1359
P978	974	1074	1365	1336	0	0	1113	1266
P979	1819	1497	1923	0	1766	1937	1792	1738
P980	0	1322	1336	1130	0	1330	0	1368
P981	0	7414	7658	5414	7467	6440	0	5419
P982	148503	126071	114684	0	0	121912	133821	104543
P983	1194	974	1104	1244	1094	985	0	1017
P984	1427	0	1978	1556	1746	1424	1922	0
P985	1163	1050	911	861	0	1107	921	1074
P986	0	21832	17376	0	22432	18190	0	23103
P987	814	0	0	814	1023	963	875	0
P988	873	1225	896	901	0	0	1079	987
P989	1390	1478	0	1516	1555	1699	1899	1356
P990	10577	9782	9899	8859	10371	9195	11075	12093
P991	17619	0	0	13292	18494	18356	14142	0
P992	2074	2078	2316	1803	2021	1834	1740	2174
P993	2464	1864	0	0	2230	2585	1801	1748
P994	9691	8273	8337	6907	7757	7775	9001	9932
P995	0	21646	21682	17789	0	18321	0	17820
P996	2781	2563	2976	0	2553	0	2995	2108
P997	14302	11430	0	13107	0	0	11065	12905
P998	0	1340	0	1441	0	1073	1491	1079
P999	0	2608	3095	2984	2794	3345	3164	0
P1000	1563	1394	1508	1509	1257	1622	1668	1734
P1001	893	880	0	1222	0	0	1082	0
P1002	866	1026	896	825	1164	0	923	0
P1003	1174	1002	1086	0	930	842	930	1043
P1004	1803	1499	1803	1760	0	1259	1334	0
P1005	1196	851	1011	1040	0	0	1185	913
P1006	3294	2570	3013	3160	2650	3386	3544	3331
P1007	1127	1390	1006	0	1447	0	1090	1434
P1008	0	10650	8659	9632	9141	8606	0	8548
P1009	0	1282	1295	997	1003	1165	1219	0
P1010	82754	91801	107076	95042	79323	97826	77974	112919
P1011	2739	1986	1996	2078	2698	2915	0	2663
P1012	0	1616	1458	1377	1768	0	1820	1647
P1013	0	33670	33392	33918	25146	32413	34350	33917
P1014	0	0	61199	61030	50320	54889	62841	44106
P1015	13488	0	10031	11715	9290	11811	10730	0
P1016	0	1408	1139	1246	1075	1239	1093	1431
P1017	1655	1377	0	1551	1704	0	0	0
P1018	5051	0	0	0	6117	5926	6917	6952
P1019	983	0	1016	1157	0	1034	1153	989
P1020	5436	0	4929	5967	5252	0	5257	6483
P1021	0	3623	3556	3115	2823	0	3287	2518
P1022	155013	124755	0	0	112415	145306	148855	149183
P1023	5798	0	7695	5891	0	6507	6249	5895
P1024	880	924	1041	1074	910	1229	1238	0
P1025	1851	1707	2317	2391	0	2124	1743	2134
P1026	1774	0	1372	1525	1829	0	1559	1982
P1027	106412	90573	99655	96730	103998	0	100681	84784
P1028	1310	1405	1146	1072	1243	1197	1162	975
P1029	18127	18304	16993	14421	15963	17184	16902	19014
P1030	3346	3339	0	3264	3158	2950	3076	0
P1031	1642	1430	1942	1730	1476	1843	1329	0
P1032	2529	2925	2045	2805	2050	0	2985	2419
P1033	62754	70821	0	62294	56215	53985	53106	57976
P1034	953	1174	1064	1095	932	1082	0	890
P1035	1330	0	1317	1258	0	1157	0	1280
P1036	1367	1657	1332	1437	1615	1607	1256	1434
P1037	0	1463	1687	1729	1544	1962	1945	0
P1038	9798	11080	0	9742	0	12468	14506	13990
P1039	0	1294	1163	1242	1238	987	1284	1015
P1040	0	0	2215	0	0	0	0	1974
P1041	1051	1235	878	0	1177	995	838	1102
P1042	55010	43252	39407	44801	53110	46220	50774	46324
P1043	12335	15549	0	13663	15673	14395	13820	0
P1044	1621	2188	2138	2024	1731	1526	0	1533
P1045	0	0	28209	28492	24756	0	0	23343
P1046	1033	0	1074	0	1281	1316	0	0
P1047	0	397120	332921	438655	0	353385	367149	0
P1048	0	0	55588	56518	56092	0	71592	50046
P1049	1462	0	1281	0	1491	0	1661	1609
P1050	1277	893	1189	1102	874	0	1020	899
P1051	5215	5222	6315	5887	4823	5991	5618	6329
P1052	52931	0	0	59716	59610	47762	61640	52878
P1053	839345	0	814620	0	0	766489	1057981	831827
P1054	22829	22311	16850	21947	22865	20217	23117	21585
P1055	0	7647	9105	9288	9378	9267	7046	9349
P1056	1127	1250	1242	904	1148	1212	1230	1244
P1057	37941	0	41513	28602	31741	31707	39303	0
P1058	3060	2373	2868	2331	2868	2703	0	0
P1059	3719	3043	0	3026	3586	0	0	3572
P1060	1725	1472	1480	1365	1384	1793	1364	1759
P1061	30120	29684	39323	30530	29669	41412	0	38195
P1062	1345	1581	1311	1594	1497	1599	0	0
P1063	5306	5190	7003	6447	7134	5186	7089	6976
P1064	1217	0	983	1266	0	871	1232	898
P1065	898	853	842	1175	909	848	0	894
P1066	1143	1219	859	955	1159	0	877	1007
P1067	2920	2521	2621	2812	0	3119	3155	0
P1068	898	0	1127	975	1067	1030	1103	0
P1069	61840	0	62321	61133	0	62344	62326	63763
P1070	0	1229	983	859	1090	890	1200	1044
P1071	0	1213	0	0	1003	1314	0	1495
P1072	1189	1369	1211	1430	1055	0	1111	1421
P1073	0	0	3416	0	3247	4279	3509	2933
P1074	1067	1286	0	0	984	1072	0	1009
P1075	2277	2691	1865	2656	0	1934	2232	1922
P1076	921	984	955	1123	963	926	891	887
P1077	1099	0	1285	0	1611	1623	1335	0
P1078	926	1002	1120	1278	909	1292	968	1033
P1079	961	1277	939	1323	1059	1187	1240	1204
P1080	1061	1343	1016	1249	0	0	1028	989
P1081	0	0	38992	0	38865	0	0	0
P1082	963	1195	1010	933	936	1128	811	951
P1083	1353	1612	1395	1707	1276	0	1513	1659
P1084	2407	2695	2454	2668	2975	2660	2858	2101
P1085	852	1061	872	1221	917	0	0	908
P1086	2706	2217	2477	2052	2777	0	2877	2881
P1087	5562	5604	0	6014	0	5911	5499	4306
P1088	1395	0	1238	1561	1264	1537	1780	1383
P1089	0	40727	40151	39335	0	52491	40027	0
P1090	4263	4943	3823	3953	0	4021	3646	4019
P1091	0	61453	0	60807	57267	61757	47015	64565
P1092	1504	1373	1634	1349	0	1506	0	1195
P1093	1245	1234	1067	1092	920	0	1088	1203
P1094	2413	2273	1834	1930	1952	2042	1998	1938
P1095	1520	1555	1292	1524	0	1760	1847	1725
P1096	931	941	0	936	1214	857	1165	811
P1097	0	0	5312	6112	0	4818	4762	4848
P1098	838	991	0	1003	1119	1069	1063	899
P1099	2523	3533	2763	3039	3565	3676	3687	3270
P1100	7003	6206	0	5945	0	7093	6272	6993
P1101	160381	182751	142488	141673	160846	0	202394	194107
P1102	1143	1431	1618	0	1232	1244	0	1583
P1103	0	0	11374	13750	0	12083	15574	13199
P1104	0	1215	1460	0	1397	1521	0	0
P1105	1195	1227	1322	960	1010	1273	1224	1292
P1106	1039	873	0	0	824	1215	870	1206
P1107	1222	1084	932	1072	1125	964	1026	871
P1108	2142	0	2476	2393	2368	2222	1969	2513
P1109	887074	0	798254	0	0	860319	738895	985712
P1110	1385	974	1236	1217	0	0	1081	936
P1111	1010	0	1292	1290	1364	1401	1248	1206
P1112	1001	0	0	1344	1092	0	1171	0
P1113	5149	4760	4530	5691	4496	6462	5046	6093
P1114	0	41672	40309	37721	41105	37529	48569	34467
P1115	0	0	1154	1256	1075	1002	1117	978
P1116	12862	12809	11801	9513	12250	11235	11994	11112
P1117	1071	1002	1089	1282	1468	1025	1434	1058
P1118	1135	0	860	1212	0	0	1106	916
P1119	4787	3921	4093	4882	4619	3796	5072	5184
P1120	32056	32191	32738	35452	0	36773	35490	28842
P1121	0	1515	1113	1241	1242	1203	0	1427
P1122	0	1545	1510	1780	1794	1507	1717	0
P1123	8624	7634	8356	9319	9568	10358	0	9317
P1124	0	2235	0	1569	2070	1974	1937	0
P1125	1667	0	1525	1535	0	1566	1568	1503
P1126	0	61611	69106	65033	61846	55144	54589	70550
P1127	58252	66744	58443	0	50797	55641	52900	71026
P1128	915	0	944	1157	1138	881	0	0
P1129	7510116	0	7715930	8635163	8538518	0	8117897	9335533
P1130	1043	1258	1379	1369	1207	1262	0	1361
P1131	1335	1595	1431	0	1226	1628	1342	1629
P1132	962	0	1146	952	977	0	0	1085
P1133	1188	1281	1557	0	1157	1518	1201	0
P1134	901	949	0	1066	865	1036	1018	1078
P1135	13097	17750	12110	13769	0	17610	13933	0
P1136	6204	4269	4328	4508	5785	5058	5384	5462
P1137	1051	889	1193	864	1089	1005	922	1024
P1138	960556	1243454	1432244	1112506	1436771	1035017	983714	1118461
P1139	1148	965	926	1133	996	1135	1123	827
P1140	968	1321	1247	0	1147	1375	1431	0
P1141	1158	0	1255	981	0	1130	1151	1027
P1142	8236	6478	9089	9328	0	6315	7522	8546
P1143	1555	1422	1367	0	0	1934	1581	1867
P1144	4379	5228	0	0	0	5059	4139	0
P1145	0	1100	1141	926	998	967	1201	1031
P1146	47781	45457	50087	37013	38684	37858	50879	49033
P1147	1333	1231	1384	1138	0	1250	1132	1111
P1148	1311	1196	1189	1065	0	1190	0	953
P1149	1126	832	848	1049	847	1040	1219	981
P1150	0	1284	971	1376	963	0	1168	0
P1151	914	1078	1136	1230	0	1237	0	1257
P1152	129718	98162	138070	107036	100157	109003	137729	0
P1153	1660	1516	0	1696	1573	1713	1585	1505
P1154	1295	0	1126	1065	0	1245	1314	1144
P1155	0	3727	4076	3044	0	3996	4017	3314
P1156	21447	16263	0	15638	21231	17221	20546	0
P1157	0	0	4983	5078	5158	5034	0	5581
P1158	1354	1767	1585	1580	1629	0	1846	1718
P1159	0	2521	2364	1847	2535	2405	0	1913
P1160	0	2023	2273	2261	0	2441	0	0
P1161	0	0	1200	839	1076	1107	0	1210
P1162	122354	0	108126	115643	0	90048	120903	94799
P1163	1186	1009	1056	1253	1179	949	1075	990
P1164	1288	0	1198	1275	959	1255	0	938
P1165	33537	24515	25988	30659	0	32581	31361	23473
P1166	32923	41372	30900	39779	36351	37607	38702	34478
P1167	1081	0	1054	1337	1397	1141	1177	1316
P1168	886	0	1023	972	1143	983	1195	885
P1169	14097	15508	12964	15743	17750	0	0	0
P1170	2884	2617	0	3238	2641	3136	2557	3215
P1171	1196	1254	970	0	1311	0	944	1318
P1172	2399	2484	0	2629	3179	2755	2984	3304
P1173	996	1072	1049	1149	1197	0	1193	1067
P1174	3434	3480	3843	0	3558	3008	3811	2930
P1175	1163	1096	1144	1287	1308	1084	0	1320
P1176	1980	1815	2016	1630	1703	1998	1767	1657
P1177	0	0	502437	685924	0	708351	639224	658261
P1178	1151	1487	1252	1225	1399	1209	1426	1485
P1179	0	4591	4700	5837	5123	5670	0	0
P1180	167035	159548	179970	0	131283	0	128428	157653
P1181	844	936	1169	1060	947	1047	1114	0
P1182	4186	4742	0	4633	4081	3723	4752	4157
P1183	0	969	0	1155	1168	0	1096	0
P1184	1586	1642	1581	0	1977	1526	0	1564
P1185	1024	1193	0	914	1031	892	998	948
P1186	1358	0	1188	1194	1357	1310	0	1479
P1187	0	24158	21259	23447	17061	18914	22089	22448
P1188	4833	4340	4163	0	5287	0	4586	5542
P1189	94509	0	102980	0	99290	106242	96054	0
P1190	68900	58257	60768	67797	66409	56107	0	49842
P1191	0	11034	13680	12813	11533	10338	0	12813
P1192	0	177445	150652	180455	160449	146462	163102	0
P1193	1087	1607	0	0	0	1532	1510	1207
P1194	0	1042	1370	1053	1501	1336	0	1194
P1195	1244	1065	0	1538	1550	1552	0	1157
P1196	1065	0	1098	1204	1102	1118	0	0
P1197	837	938	1198	0	0	0	1198	1209
P1198	27069	27805	27198	28891	33573	39890	34659	0
P1199	3160	3000	3060	3401	0	3600	2761	2972
P1200	0	0	1189	1181	1201	1260	996	983
P1201	1425	1269	1099	1343	0	1189	1424	1409
P1202	0	2248	2350	2605	0	2218	2012	2001
P1203	122918	90883	0	0	123003	107812	0	0
P1204	2418	0	2248	2077	1979	2431	2036	1879
P1205	1451	1621	1312	1406	1640	1593	1292	1422
P1206	0	812	937	811	934	1007	899	847
P1207	0	0	0	3843	4875	0	5075	4159
P1208	5896	0	0	5395	4362	5348	5646	0
P1209	0	0	0	4809	6233	4449	5407	0
P1210	0	6695	0	5584	6646	7401	6062	6843
P1211	0	0	844	1097	997	0	974	1210
P1212	1114	0	1012	0	822	1193	0	0
P1213	1099	1178	1218	970	981	1157	1029	0
P1214	1273	1094	1217	1097	0	1248	1012	1015
P1215	6669	5463	6258	6639	6496	7533	7369	5459
P1216	7027	8746	8991	7432	9351	9107	8667	7008
P1217	0	2024	0	2068	0	0	1920	1890
P1218	1369	0	1852	1935	1456	1512	1558	1924
P1219	6247	5341	6010	6562	6988	6805	6575	5933
P1220	0	0	4831	3504	4659	3729	0	4569
P1221	1577	1518	1871	1918	1908	1934	1462	1554
P1222	1450	1499	1697	1487	0	0	1576	1738
P1223	1894	2348	1915	2427	2188	0	2703	2089
P1224	153792	0	0	120542	130513	143148	156288	154062
P1225	64430	0	61394	60902	0	67186	70270	0
P1226	1161	0	1192	937	895	920	1039	1028
P1227	712740	0	621655	563496	619650	797374	686532	582189
P1228	1238	1628	1318	1288	1423	1259	0	1342
P1229	0	1091	0	1117	0	1139	960	833
P1230	458016	356820	0	449842	309760	0	0	321850
P1231	4392	4441	4423	0	3264	3042	4137	3293
P1232	0	0	0	0	1355	984	0	0
P1233	3167	3298	3583	3345	2881	3512	2546	2952
P1234	1653	1460	1535	1312	1592	1388	1474	0
P1235	53940	57415	46594	56202	0	39828	47301	0
P1236	3713	0	3196	3132	3327	0	3405	3095
P1237	1510	1386	1527	1808	1878	1525	1715	1894
P1238	3445	3617	2817	3038	2939	3543	4065	3126
P1239	1267	1287	1089	0	879	1145	1243	0
P1240	1366	0	1711	0	1458	1364	1767	1616
P1241	1189	1589	1541	1166	1226	1489	1497	1417
P1242	1190	841	0	0	995	1007	1059	857
P1243	1394	1263	0	1379	1375	1641	1531	1287
P1244	0	884	888	1135	0	1106	1109	0
P1245	2020	0	2262	2005	2601	2420	2038	2518
P1246	4116	4373	0	3668	3429	3496	3254	4158
P1247	3680	0	3940	3170	4334	2916	3336	3324
P1248	1153	1130	1483	1429	1206	0	1288	0
P1249	11599	11244	9620	9587	12598	11810	12308	9479
P1250	0	1136	948	966	0	1289	978	1237
P1251	5755	5568	4722	0	4288	5092	5439	4643
P1252	0	1743	2145	2088	1921	2204	1858	1643
P1253	5057	4703	5805	0	5941	5453	6149	5305
P1254	48823	48533	40552	58196	52540	49459	49362	56236
P1255	0	1275	979	1095	1120	1213	0	1186
P1256	1491	0	1660	1630	1337	1801	1359	1630
P1257	1045	1103	1304	1355	1172	1136	1073	1164
P1258	0	957	1260	909	1278	1084	1142	0
P1259	4084	5029	4566	4838	0	0	0	3955
P1260	2563	3171	2627	3482	3559	3432	3227	2722
P1261	990	0	1033	1307	1371	1026	1180	1113
P1262	889	0	1058	1062	0	887	928	1034
P1263	1275	1018	0	1192	1405	0	1450	1194
P1264	0	0	226314	175306	0	229983	210571	222392
P1265	866	926	1014	0	0	0	819	1034
P1266	0	966	0	939	1100	1176	1015	1063
P1267	1472	0	0	0	0	1365	1538	1797
P1268	1244	0	883	0	920	929	1136	1226
P1269	1117	1404	1097	1500	0	1175	1237	1463
P1270	1590	1586	0	0	1620	1338	1484	1402
P1271	1110	1166	1196	875	1152	1169	841	919
P1272	481031	388675	489637	0	446468	348148	358034	449240
P1273	0	0	1993	1835	1934	2034	2175	2128
P1274	18403	23640	23548	25275	18542	0	26643	20374
P1275	918	0	0	1215	0	1061	0	851
P1276	0	2799	3013	3216	3297	3689	3083	3766
P1277	8808	9859	8863	9292	9253	9777	9020	10088
P1278	0	0	931	1016	1219	1100	1127	951
P1279	0	1145	0	1120	1353	0	1335	1363
P1280	1408	1149	1353	1146	1201	1246	1401	1209
P1281	1493	1365	0	1512	0	1449	1082	1539
P1282	1003	937	1093	1212	1153	1173	1118	970
P1283	13847	11545	11296	0	0	15623	15017	11224
P1284	19021	20239	20035	18218	17958	19594	18758	16726
P1285	4912	4297	6001	4265	4156	4280	5500	4276
P1286	2294	2268	2366	1909	2104	2511	2365	2582
P1287	70161	0	0	0	53011	52011	57326	59270
P1288	1213	1232	1048	1080	879	1163	973	1037
P1289	7831	8016	8018	7958	7802	9664	8891	8150
P1290	38044	0	37967	43607	0	35198	38060	0
P1291	1161	1194	1160	1011	911	900	1084	1026
P1292	1048	1045	1059	0	0	1266	1041	1362
P1293	41491	45569	0	0	33410	0	43181	33332
P1294	0	2997	0	2646	3100	2661	0	2604
P1295	1118	1208	0	1083	0	1142	830	1176
P1296	4282	5065	0	5503	4200	4473	5965	5434
P1297	1364	1256	1618	0	1613	1578	1587	0
P1298	1039	1047	817	883	1000	1047	842	931
P1299	1779	1632	0	1620	0	1836	1888	1870
P1300	2486	2261	2448	0	0	2080	2601	2715
P1301	10006	11585	12896	9431	11786	9971	0	13080
P1302	6100	5158	5023	6574	0	5820	6294	0
P1303	1373	1335	1238	1195	1284	1037	1236	1195
P1304	1093	1080	0	1186	829	1164	975	1196
P1305	7119	5518	0	6278	7015	0	7253	5684
P1306	944	1092	0	1285	1022	930	0	972
P1307	0	14150	15457	14865	14792	15945	16856	12605
P1308	0	966	811	934	969	828	849	864
P1309	0	883	840	939	0	1035	1002	857
P1310	16004	0	20536	18605	16323	22008	17837	21057
P1311	2070	1588	0	1969	1540	1767	1434	1661
P1312	7037	0	7378	5940	7441	5724	6406	5967
P1313	1075	0	1148	0	891	1024	1131	894
P1314	2653	3162	2806	3572	0	2655	3355	3475
P1315	1045	1048	1228	968	1158	0	1318	1329
P1316	4771	3854	4280	3668	4067	4363	4150	3542
P1317	1036	929	0	930	0	0	1053	1053
P1318	190038	207143	0	0	177925	195040	151564	207490
P1319	1114	0	1235	996	936	1169	0	988
P1320	0	945	1028	0	821	1205	1180	1087
P1321	1120	0	0	0	1147	884	1074	963
P1322	45418	44854	0	0	0	47523	52482	39898
P1323	1485	1814	1576	0	1572	0	1823	1694
P1324	2240427	2076208	2207384	2080501	1977926	1665700	1565647	1535849
P1325	2711	0	3269	3392	2531	0	0	3238
P1326	1403	1180	1251	1397	1538	0	1619	0
P1327	3838	4397	4284	4293	4121	3754	3975	3908
P1328	965	1201	1028	975	0	943	970	1000
P1329	0	1173	1101	1287	1269	1101	1110	1032
P1330	0	0	2207	2107	0	2553	0	2695
P1331	31036	29242	33515	30171	36162	33818	29432	29996
P1332	4166	3792	4311	0	3697	0	3841	0
P1333	67528	58960	57235	0	53652	66421	57666	62894
P1334	5365	4832	4426	5484	4721	6218	5601	0
P1335	2358	0	2062	1712	1982	2330	1999	0
P1336	0	8824	9043	12109	10996	10866	8740	0
P1337	1033	913	846	854	0	1125	1033	1033
P1338	4632	4411	5008	4729	4841	4560	4690	0
P1339	1040	824	1050	0	0	0	900	978
P1340	1091	1152	1220	1197	1103	827	844	1222
P1341	1458	0	1481	1993	2007	2022	0	1973
P1342	4408	4019	4217	4966	5314	0	4890	4660
P1343	1354	1322	1145	0	1276	0	0	1091
P1344	0	12176	12206	8965	12935	11997	0	9064
P1345	1060	915	922	0	1043	0	0	1056
P1346	13971	13651	10801	12975	10389	0	13043	0
P1347	16257	0	0	11956	13165	16379	12797	15510
P1348	0	7060	7105	0	6036	5003	6153	7248
P1349	1304	1402	1029	0	1013	1258	1448	1356
P1350	904393	719804	835097	0	743560	780539	725919	830184
P1351	0	2179	0	2110	1797	1901	1578	0
P1352	804	976	1197	850	1079	921	0	884
P1353	1945	1852	2144	1866	0	1596	2195	1666
P1354	51232	49096	39292	41515	0	0	43422	49788
P1355	1105	0	972	996	1180	941	1051	0
P1356	885	1142	1029	0	1033	815	933	0
P1357	2488	2028	2208	2214	2621	2555	2988	2784
P1358	1322	0	1158	1354	0	1163	0	931
P1359	1099	1123	857	1089	0	0	0	0
P1360	5568	4707	4572	4767	0	5693	5232	4608
P1361	4212	3708	3809	3371	0	0	3176	3585
P1362	4949	0	4191	4991	5395	4110	5167	4641
P1363	2030	1953	2393	2222	2411	1830	2199	2417
P1364	7593	5774	0	7174	5308	7283	5953	7706
P1365	0	0	0	0	1144	1060	1353	0
P1366	8191	0	5872	8142	6367	0	7553	7970
P1367	0	24770	25831	22613	22287	0	24894	28862
P1368	1614	1600	1708	1600	1362	1177	1301	0
P1369	1000	0	1261	1332	1228	1344	1132	1241
P1370	3391	4110	3059	0	2864	4048	3890	0
P1371	41418	0	0	37281	36421	41255	36549	0
P1372	0	0	0	970	0	0	948	0
P1373	0	0	870	919	0	0	1019	865
P1374	1094	919	1029	875	969	907	997	999
P1375	1736	1528	1586	1553	1709	0	0	2042
P1376	14652	0	9974	11580	10674	0	12573	10501
P1377	868	889	0	1002	1116	1246	882	968
P1378	1160	1231	1171	933	0	1252	882	895
P1379	0	1242	1339	0	1435	1504	1304	1395
P1380	4964	0	0	4987	4836	0	4879	4938
P1381	2859	0	2664	0	2267	2067	0	3005
P1382	29286	28768	36315	31172	30807	33806	0	35603
P1383	5679	4033	5826	0	0	4305	4903	4321
P1384	1393	1899	1724	0	1399	1881	0	1676
P1385	12922	9509	0	11273	11423	10991	9095	10138
P1386	29805	27194	22128	30093	26085	24999	24128	23400
P1387	1010	838	885	1180	851	868	824	978
P1388	10418	11187	11056	9214	10144	10534	10327	9809
P1389	1753	0	0	0	1967	1684	1802	1596
P1390	1228	1137	913	949	897	931	1149	1209
P1391	1045	987	0	866	1170	1126	1106	0
P1392	3052	0	3108	3101	0	0	2271	2231
P1393	1127	1122	0	1242	1007	1164	1286	1130
P1394	8174	8367	7806	0	7369	8281	8056	6927
P1395	0	0	1176	935	915	932	0	991
P1396	0	3404	2390	0	3233	2776	3229	0
P1397	51039	54374	48966	54527	56498	39510	57892	56483
P1398	11435	8962	11068	8868	8582	11623	12092	11438
P1399	0	36704	27156	0	0	30719	34597	26347
P1400	3660	4081	0	4303	3819	0	3821	4048
P1401	1148	0	0	971	1185	885	1089	1130
P1402	43195	51396	0	43250	0	44436	49660	41958
P1403	10069	7357	8789	8006	7616	0	0	10275
P1404	905	1090	910	0	1231	1093	0	1010
P1405	1171	1123	0	0	1395	1269	1124	1026
P1406	21320	22249	19125	0	17352	19506	17121	21114
P1407	11183	9442	9774	9061	8465	0	9894	0
P1408	0	0	6295	0	4729	0	4761	6424
P1409	0	1157	1244	1252	891	0	0	1018
P1410	1225	1027	0	1128	1013	1166	1059	0
P1411	4412	3665	0	4431	3344	0	4432	4275
P1412	16313402	0	0	22881278	22265023	0	0	19092028
P1413	0	0	5299	5328	4142	4863	5380	0
P1414	0	1758	1828	1936	1523	1852	1425	1876
P1415	2789	2554	2491	0	0	2823	0	2121
P1416	1201	1465	1460	1278	1128	1162	1232	1163
P1417	4620	5985	6329	5832	5983	4634	5837	5018
P1418	1156	0	815	0	1082	822	843	911
P1419	87021	73238	0	0	0	0	93990	93940
P1420	3588	4611	4944	4593	3562	4711	5285	0
P1421	0	1150	1188	1076	960	926	1148	1081
P1422	3180	0	3377	3831	3226	3013	3972	2793
P1423	2116	2569	2567	2111	2657	2213	0	2706
P1424	0	0	1192	1192	1201	0	1035	0
P1425	103012	101409	105649	83400	94461	114060	111271	115643
P1426	2325	2581	2266	2203	2545	0	2113	2635
P1427	0	941	0	1101	853	853	1016	1052
P1428	0	0	1212	932	1148	927	0	1091
P1429	13888	17836	12723	13769	12526	18047	14441	0
P1430	0	1055	1175	952	0	1026	1094	1055
P1431	4967	6628	5312	4460	5979	5314	5776	5564
P1432	1062	0	1291	1363	1500	1147	1050	0
P1433	3279	2960	2919	3936	0	3968	0	3900
P1434	0	0	0	3391	3528	0	3947	3179
P1435	1161	0	1169	1074	0	886	1221	0
P1436	1133	0	1183	849	1142	832	0	1035
P1437	0	0	1074	1109	1402	1161	1160	1438
P1438	10940	11797	0	10929	13373	14953	15905	11543
P1439	0	995	1176	987	1142	1100	964	0
P1440	1103	1315	1257	1052	1024	1159	1240	0
P1441	0	1017	0	1123	1298	1405	1082	1278
P1442	1185	1008	837	0	1035	1070	1168	0
P1443	0	3172	2937	3773	3890	0	0	0
P1444	44023	41226	46251	44102	38479	44481	32279	44134
P1445	1151	1076	1081	1225	1029	0	1275	1110
P1446	1855	1884	1812	1586	1563	1612	1650	0
P1447	2625	0	2718	2678	0	0	1857	2461
P1448	22855	0	25461	18535	25925	19828	21187	24147
P1449	34294	44927	36588	43012	39566	41146	41839	41801
P1450	2502	2951	0	2509	2192	2114	2485	2521
P1451	16974	17613	22195	21581	17719	25082	19294	24299
P1452	6568	5929	5264	0	0	5658	0	0
P1453	5513	0	6253	5232	5708	0	4291	4389
P1454	1329	1306	1296	1294	1429	1655	1302	1466
P1455	1981	1856	2488	1957	0	2090	0	2534
P1456	2144	1704	1713	0	0	1726	1710	0
P1457	133638	94744	96081	128366	103565	117071	0	0
P1458	1227	0	952	1025	0	853	0	1189
P1459	0	1071	1216	1232	1123	1026	1058	1158
P1460	0	46349	47109	0	45456	37275	38374	44603
P1461	1070	993	1286	0	1282	1149	1109	1105
P1462	1424	0	1576	1401	1622	1528	1269	1610
P1463	0	827	961	1112	1107	0	1099	0
P1464	0	14990	14350	0	14228	10419	14800	12231
P1465	0	0	208980	186044	157396	189100	165710	201571
P1466	5332	7175	6919	5671	5081	5060	6777	4893
P1467	5504	7544	0	0	5304	0	6607	5724
P1468	0	1954	1602	1907	1645	2161	2124	1870
P1469	1401	1249	1162	0	1128	1124	0	1067
P1470	12394	11601	14883	0	10629	13650	0	12409
P1471	897	1093	906	1017	963	849	974	922
P1472	882	1194	1042	1065	0	923	985	1165
P1473	7909	7045	6627	8386	0	0	6583	9315
P1474	0	1296	0	1217	1622	0	0	1285
P1475	936	1035	820	919	1015	974	1167	911
P1476	5813	0	5897	4915	5808	5739	4691	5018
P1477	1437	1520	1536	1426	1437	1247	1340	1362
P1478	0	0	0	3155	0	3143	3077	2427
P1479	1986	2609	0	2797	2412	2630	2227	2293
P1480	0	0	3486	3659	3331	3031	2753	3394
P1481	1114	1253	951	863	858	1242	1002	901
P1482	2838	3788	3165	2730	2916	2682	3102	2637
P1483	923	0	0	911	1217	1190	958	1129
P1484	1113	1051	1005	825	1194	882	835	1116
P1485	2013	1512	1740	1961	1984	1694	0	1990
P1486	1183	1296	1150	1228	1367	1399	1209	1306
P1487	41594	54924	52305	54066	42412	0	0	56676
P1488	28651	33915	33905	30079	0	33463	29326	25358
P1489	0	1386	1250	1400	1250	1104	1461	1315
P1490	3704	3307	2961	2510	3220	2500	2720	3084
P1491	1470	1118	1592	0	1177	1240	0	1290
P1492	0	166374	174732	0	174306	155504	151406	167843
P1493	3094	2869	2611	0	2928	2719	2573	2954
P1494	0	9242	12861	0	9954	12955	12929	11773
P1495	14121	16539	12456	0	13312	0	17112	14881
P1496	885	1134	1178	880	1027	1193	1134	828
P1497	1386	1258	0	1150	1210	1259	0	1156
P1498	20960	20240	18868	18898	20165	0	19990	16937
P1499	1440	1479	1172	1191	0	1243	0	1060
P1500	0	2712	3625	3731	3225	3254	0	3239
P1501	8984	8055	10107	11423	10816	9741	0	11363
P1502	266211	0	370939	307042	313109	260088	329805	266188
P1503	27825	26472	20677	19660	24059	24815	27025	0
P1504	1065	1029	813	0	958	0	1038	1176
P1505	1234	1307	993	1266	1303	1124	1318	910
P1506	7708	6509	5215	6999	7021	6263	5250	5982
P1507	3424	3240	3010	3243	3220	2872	3253	0
P1508	10729	12270	14940	10801	14696	13779	0	14040
P1509	0	1047	1486	1501	1350	1520	0	1155
P1510	0	0	1111	1070	1325	0	0	1174
P1511	4407	4389	5312	4138	4895	0	3852	5496
P1512	2088	1822	1796	1723	2070	2120	1528	1723
P1513	1149	1431	0	0	1175	0	1270	1558
P1514	1163	1268	0	1441	1209	0	1347	1544
P1515	1117	1242	1088	1383	1211	0	1116	1204
P1516	0	1298	1295	1092	0	953	1030	0
P1517	1200	1283	1160	1486	1397	1252	1347	1359
P1518	4999	4693	5621	5420	6349	0	5544	5802
P1519	3329	3133	2930	3016	2973	3309	2473	2909
P1520	1697	1302	1912	1592	1742	0	0	1802
P1521	0	2116	1923	0	1523	1806	1639	0
P1522	1077	0	1182	0	1214	0	1438	1375
P1523	43884	37903	0	36167	40844	47805	42683	44154
P1524	968	971	1159	856	944	1107	1137	1063
P1525	960	1039	902	1164	1196	952	1061	875
P1526	758072	0	1016832	0	1079130	793648	0	1039801
P1527	1073	968	0	1046	1021	1124	1009	1107
P1528	1711	1907	1804	1941	2029	1740	0	1427
P1529	5069	4902	6029	5563	6021	5689	0	4910
P1530	0	81640	84296	0	82430	88421	0	88970
P1531	0	7699	7493	6694	0	6843	8098	6855
P1532	591223	738428	811183	839081	0	745203	685825	751878
P1533	895	936	0	1050	1202	1051	1029	1013
P1534	10445	9678	11745	9130	10416	8564	8566	11294
P1535	1127	1282	1166	1297	1134	945	1297	0
P1536	5270	0	4561	0	5099	4433	5073	6288
P1537	1151	895	0	1059	1043	1153	1297	1090
P1538	1414	1046	0	1466	0	1149	1024	0
P1539	853	967	1134	0	1070	1202	995	0
P1540	0	37925	31941	34105	29444	35253	0	32767
P1541	1027	1188	961	0	0	1309	923	0
P1542	0	57453	59915	82288	56549	76546	74138	0
P1543	161410	0	126429	125666	138152	0	0	142276
P1544	225905	185267	0	200453	218881	182036	195887	0
P1545	4820	4561	0	3693	4691	3911	4080	4280
P1546	5964	5362	5219	5792	5363	6116	6861	0
P1547	1411	1744	1607	1759	1463	1734	0	1247
P1548	4870	3560	0	5167	5066	0	0	4282
P1549	1934	1869	0	0	2661	2497	2398	1906
P1550	7091	6320	5481	5892	6926	6959	0	6050
P1551	7863	6892	0	6859	6056	6290	7441	6900
P1552	15158	21637	21233	20803	20890	18557	16773	15642
P1553	1742	0	1944	1972	1798	2440	1899	2268
P1554	1112	1019	0	1130	940	968	0	0
P1555	838	1124	1119	937	891	824	838	924
P1556	7399	6978	5360	0	7759	6997	7576	5526
P1557	1259	0	1254	1233	0	1039	996	877
P1558	2681	1927	2422	2315	2348	0	2369	2744
P1559	1695	1706	1600	1676	0	1245	1441	1331
P1560	87385	88677	74788	0	91086	106217	98632	0
P1561	0	0	4166	3585	4004	0	3511	3125
P1562	1067	1054	1060	0	957	0	0	1339
P1563	0	6543	6816	6484	5468	6712	6056	6247
P1564	0	0	6151	0	7327	0	0	8325
P1565	0	3029	3922	2852	0	0	3901	3735
P1566	1081	1024	836	917	1028	0	888	1101
P1567	10377	11934	10915	0	12435	0	13071	0
P1568	2067	0	1785	1904	0	0	2259	2110
P1569	0	1275	1309	1074	0	1258	1238	0
P1570	1499	1246	0	1064	1176	1421	1175	1283
P1571	7767	6778	7958	0	8103	7897	6807	6812
P1572	0	23287	26656	0	24200	26299	0	21174
P1573	1717	1603	1277	1550	1321	1373	1238	1545
P1574	1123	927	1181	847	0	857	1087	1166
P1575	906	1155	851	886	983	1003	1075	999
P1576	915	855	968	909	0	0	0	1028
P1577	1017	809	861	939	1108	1152	948	1208
P1578	2444	2083	2272	2152	2205	2051	2002	0
P1579	1142	0	1258	1485	0	1458	1475	1112
P1580	2863	3651	0	2724	3703	0	2619	3311
P1581	3218	4659	4305	3849	3760	0	0	3307
P1582	6264	6940	0	6330	7165	0	7823	8898
P1583	0	2305	0	0	2179	0	0	0
P1584	3098	3216	2957	3006	0	4240	3044	3540
P1585	1119	1114	0	840	1064	914	887	861
P1586	1022	1095	1290	1089	1181	974	1203	0
P1587	2244	0	1983	2786	2561	2150	0	2672
P1588	0	1107	1129	0	1071	1279	1230	0
P1589	0	2418	2206	2061	2354	0	2443	2386
P1590	1050	1196	821	833	863	0	818	1058
P1591	852	0	934	1020	962	0	1200	0
P1592	0	36294	42269	42876	48192	39694	0	38986
P1593	1419	2021	1993	1573	1414	1509	1923	1469
P1594	890	1033	998	1115	1059	906	966	0
P1595	10839	0	0	0	9805	9142	10396	11891
P1596	0	1233	1220	1027	1021	0	1008	0
P1597	1060	873	1141	932	977	1022	0	1053
P1598	843	1086	866	907	1062	0	0	808
P1599	9266	9611	7916	9594	6570	7326	7852	8740
P1600	6810	0	8988	8142	7122	0	8275	0
P1601	1013	872	993	1186	928	1291	0	923
P1602	1071	852	957	988	1012	1182	1120	0
P1603	1866	2390	2235	0	0	2396	1758	2300
P1604	930	0	0	1266	1304	1006	1011	987
P1605	9387	8639	8375	7299	9013	6464	7812	8835
P1606	1202	1375	1192	0	1002	937	1356	1076
P1607	173095	0	183732	226748	215351	164915	190577	0
P1608	7698	8838	10007	7994	9865	10211	10166	10216
P1609	827	1085	981	1063	1201	1114	1237	1089
P1610	17443	0	17412	18134	17277	17549	18181	15034
P1611	1051	1166	1043	981	843	1032	1143	1015
P1612	8122	10385	0	11627	0	11761	8499	9918
P1613	0	1282	0	1363	0	1284	0	1214
P1614	2453	2014	1834	2168	1904	2434	1916	2383
P1615	1084	987	1371	1141	0	1106	1141	1217
P1616	1950	2385	1778	2089	2273	2286	2033	2394
P1617	0	17844	18145	0	0	13040	0	16922
P1618	0	5113	0	0	5710	5717	5133	4340
P1619	0	18502	0	17033	0	17780	22536	0
P1620	1054	0	1143	1389	1005	1213	1415	1231
P1621	0	1034	0	0	809	1005	0	0
P1622	1007	1193	994	1221	0	1244	1245	987
P1623	4408	4743	4724	3891	0	4110	3584	4120
P1624	80844	89991	117216	80730	0	0	111719	0
P1625	57185	53766	0	67595	0	0	61704	0
P1626	0	2465	2117	2352	1968	1896	2191	2034
P1627	1170	1202	0	1448	1353	0	1338	992
P1628	1189	1031	906	964	892	851	0	1100
P1629	3317	0	3869	0	0	3321	0	2920
P1630	1931	1565	1613	1489	1975	1593	1719	1843
P1631	1346	0	0	1593	1229	1794	1262	1375
P1632	25530	25663	0	26377	33303	34525	32180	35057
P1633	74638	0	76063	90604	69691	82377	64626	0
P1634	9616	9866	0	8709	0	7269	8540	10217
P1635	0	1182	0	1087	1252	1087	964	1043
P1636	52813	52103	57248	0	50517	51698	51505	48370
P1637	3545	3160	0	4214	3182	3551	4219	3064
P1638	26684	30678	22890	23596	22805	27809	27376	28452
P1639	865	1132	1190	1170	968	863	1234	0
P1640	1336	939	1252	1233	988	1237	1013	1294
P1641	165177	188152	0	148976	153376	148999	180916	168939
P1642	23662	26454	0	25436	24316	24437	25001	24727
P1643	3467	3672	0	0	3281	3013	3589	3982
P1644	0	1131	1111	0	0	1374	1371	1189
P1645	6425	0	5432	0	6617	7733	5765	5685
P1646	1383	1408	0	1481	1337	1092	1332	1061
P1647	3509	4050	4837	4097	3419	4627	3618	4554
P1648	949	1109	1267	0	0	1231	1066	1111
P1649	1198	1215	980	1025	901	1230	1038	1112
P1650	3181	2488	2841	2826	3646	2626	3397	3512
P1651	1258	0	0	1211	1216	1090	1363	957
P1652	866	1009	865	1081	1120	940	845	0
P1653	2350	2289	2823	0	2112	0	0	2295
P1654	0	1013	1118	0	0	1057	905	992
P1655	999	884	1117	944	0	878	1015	886
P1656	3044	3611	2973	2974	0	3811	3815	3013
P1657	0	0	1085	1184	1121	0	1100	1171
P1658	6198	7420	0	7236	5796	7537	6741	6814
P1659	61446	64697	56243	0	56335	70871	72066	70053
P1660	1155	828	1115	952	0	993	1200	1118
P1661	4129	0	4039	3750	2986	2913	3425	3368
P1662	9742	8330	0	0	9316	10148	11530	10327
P1663	9130	7021	8274	6673	9555	0	9060	8484
P1664	975	0	1001	1238	0	1310	1219	1159
P1665	0	2340	2650	2027	0	0	2084	2301
P1666	15335	18723	13312	15379	15335	17239	16407	0
P1667	26003	0	27193	31576	0	27730	29984	25526
P1668	1545	1472	1660	1635	1619	1910	0	1544
P1669	1000	1245	1217	1238	984	0	949	1035
P1670	2067	2110	2539	0	0	2576	2417	2897
P1671	0	14096	14234	11192	12886	10218	0	11245
P1672	1261	0	1330	1382	0	0	1414	997
P1673	18404	14968	16484	0	16567	15570	14702	16536
P1674	0	4738	5894	4468	5205	4487	4771	4932
P1675	3394	3001	4185	0	3011	4263	3143	4352
P1676	2326	2134	2154	2029	1788	2321	2194	0
P1677	913	920	0	1099	1035	1064	0	965
P1678	23545	19156	22564	17139	16833	18738	21045	21091
P1679	0	0	918	0	1000	874	879	1116
P1680	0	9021	8063	0	8350	8159	9263	11480
P1681	3735	0	3929	0	3186	3177	3505	3374
P1682	16947	15150	17179	15462	0	13747	0	12940
P1683	860	1082	1170	915	827	1191	0	892
P1684	3290	0	3165	4192	3068	3370	4049	3748
P1685	11060	9520	9357	11123	10224	8091	11302	0
P1686	1741	1464	1385	1370	1640	1702	1600	0
P1687	0	1169	0	1056	0	1062	1111	858
P1688	49024	44260	47908	44276	0	48300	42964	0
P1689	1187	0	0	854	1232	964	1080	965
P1690	1220	1241	0	1056	1287	0	899	1230
P1691	1034	1049	1251	1207	0	1089	1332	1267
P1692	5729	5137	5577	0	4910	4406	0	5130
P1693	17249	19066	17653	16190	18610	14819	0	15636
P1694	1010	990	1100	0	0	1148	0	818
P1695	1253	1168	0	1178	1020	1010	1413	1266
P1696	941	847	1174	1041	871	922	1189	1029
P1697	9232	0	8773	10970	0	10784	0	12379
P1698	18607	15864	15550	16391	0	14830	17152	12842
P1699	35048	41686	41125	42189	33444	30683	37481	43187
P1700	1831	1835	0	2354	2329	2224	0	2080
P1701	2540	2887	2880	0	2281	2349	2614	2095
P1702	0	1124	1148	1187	1099	849	1175	850
P1703	2621	2795	2787	2568	2102	2403	0	2618
P1704	0	922	835	1031	1206	891	0	897
P1705	974	957	1205	1093	973	1021	1023	1029
P1706	1911	1787	0	1844	1704	1385	0	1894
P1707	22969	17090	18028	16917	17649	17222	20166	16688
P1708	1199	888	0	868	885	0	1028	833
P1709	828	1005	1178	954	1088	0	1221	1062
P1710	0	0	3687	3479	3411	3311	3698	4501
P1711	1218	0	0	1796	1497	1752	0	1756
P1712	0	1132	1228	1380	0	1563	0	1563
P1713	0	1251	1100	1275	954	1168	1076	1373
P1714	13880	0	16800	16672	0	11872	17017	12254
P1715	0	7201	6043	5663	6528	7865	7986	7617
P1716	0	1506	1302	1455	1578	1272	1328	1464
P1717	812	0	819	1040	1156	1203	804	1112
P1718	0	12481	0	10646	0	10439	12411	10295
P1719	0	806	976	868	0	873	986	882
P1720	87774	110032	106150	105125	109417	0	104744	110887
P1721	22110	29549	26553	30966	0	26624	28880	23181
P1722	877	851	1208	1187	900	0	998	893
P1723	69140	72325	68284	70611	0	0	69558	0
P1724	2418	0	2167	0	1931	2052	1888	2016
P1725	1142	1385	1438	1286	1302	1424	1276	1476
P1726	3789	4919	4160	4201	4177	3410	3591	4448
P1727	73672	84345	80606	84601	93356	73306	96268	0
P1728	1333	1516	1540	1471	1258	0	0	0
P1729	0	165696	0	161538	178567	163894	0	195387
P1730	1563	1228	1508	1473	1654	1574	1662	1674
P1731	1038	1084	0	895	0	1060	884	0
P1732	5092	4239	4906	3770	5174	5544	4664	5463
P1733	10126	0	10646	9269	0	8522	9445	0
P1734	2392	2039	2254	2605	2008	2169	0	0
P1735	0	6275	6911	6275	5467	6545	7108	7159
P1736	10229	0	8851	11046	10139	10257	10629	11814
P1737	4783	5391	5167	4987	5212	4731	4114	5353
P1738	0	31144	33684	36819	30317	0	36555	28269
P1739	0	1488	1511	1534	1611	0	1274	0
P1740	1496	1529	1434	1470	1732	1777	0	0
P1741	1271	0	937	1113	1030	1268	899	1308
P1742	0	0	1615	1996	1982	1773	1757	1480
P1743	0	1182	1519	1312	0	1453	1086	1576
P1744	849	1180	0	1163	830	1070	1050	0
P1745	891	1042	1090	840	1007	993	0	918
P1746	1091	907	1143	915	1100	0	977	1114
P1747	2470	0	2530	2607	0	0	2679	2387
P1748	3821	3723	3809	3914	3686	3840	0	3617
P1749	0	880931	704719	0	0	866201	909422	676129
P1750	44607	35414	0	44086	38473	41283	40945	44316
P1751	4679	6066	0	0	5001	0	5379	4998
P1752	1987	2037	2018	2228	1587	1980	1627	2131
P1753	49624	62335	0	59755	65930	70541	0	71961
P1754	0	13137	19231	0	18165	0	16909	15583
P1755	1983	2475	0	2200	2375	0	2493	2518
P1756	1178	1251	0	1455	0	1074	1011	1453
P1757	1160	1198	939	881	1109	1127	0	992
P1758	7132	6203	7587	6829	8009	0	9011	6560
P1759	2009	1713	0	1739	1874	1903	0	1727
P1760	1205	833	0	1108	1178	1038	848	0
P1761	0	64947	62083	81673	76216	83582	85519	0
P1762	2815	3422	2858	3621	3646	3578	2987	3639
P1763	249850	269667	195450	222479	189924	209691	270400	0
P1764	949	0	917	818	1187	1177	1048	1193
P1765	55192	0	0	57541	76100	56497	0	58256
P1766	1485	0	0	0	0	1168	1139	1157
P1767	929	975	1007	899	1031	878	998	0
P1768	1042	830	1095	860	967	1086	0	0
P1769	5426	6030	5832	0	7006	0	7026	6519
P1770	0	990	0	1407	1174	988	1376	1162
P1771	1578	1605	0	1477	1814	1275	0	0
P1772	0	27098	30837	31892	24891	31984	0	25699
P1773	1926	1451	1683	0	1799	1609	1906	0
P1774	0	1124	1599	0	1198	1307	0	1397
P1775	1251	1524	1197	1445	1415	1256	1152	1212
P1776	8034	9805	0	7639	8129	8866	8130	9253
P1777	11212	12528	14237	16022	0	12627	0	11644
P1778	0	0	2563	2324	2813	2429	0	2513
P1779	20661	18486	0	20389	20894	24254	20521	25573
P1780	855	1252	977	1109	1173	1076	862	1036
P1781	0	19456	0	20967	20513	14487	0	20476
P1782	1110	1400	1237	0	1491	1280	1147	1466
P1783	16858	18449	13384	16976	14335	0	0	13355
P1784	0	0	25189	27376	25424	24691	23165	0
P1785	2940	3992	3462	4377	0	4181	0	3446
P1786	1063	1078	0	0	1230	1105	1244	0
P1787	10372	10122	10063	0	0	0	13380	12472
P1788	1411	1552	1658	0	1623	1775	0	0
P1789	6412	4956	6435	4523	6158	6063	0	6451
P1790	11401	10209	10885	13592	12045	14402	9921	12482
P1791	0	0	971	1246	950	0	1135	934
P1792	2214	1952	2237	2488	2065	0	2476	0
P1793	821	901	891	1128	0	841	1193	894
P1794	12599	14512	0	14203	14110	11807	13607	14381
P1795	0	1542	1654	1664	1786	0	1517	1653
P1796	1326	1303	1310	1282	1093	1212	1348	0
P1797	0	17851	18819	19090	14254	17448	16151	0
P1798	0	14644	18311	15309	0	15051	15539	15960
P1799	1744	2206	2050	1743	1745	2148	2169	1974
P1800	35343	28671	27833	0	30809	33662	0	26591
P1801	2043	2383	2027	2020	2065	2011	2154	0
P1802	119950	124453	120608	0	0	119244	117456	115113
P1803	5878	0	4695	5825	4399	5139	5187	4419
P1804	1479	1316	1297	1042	1195	1003	0	1435
P1805	176132	254950	0	0	179184	182868	210273	244785
P1806	4240	5093	5908	0	5648	0	4739	0
P1807	1102	1224	1156	1474	0	1155	1038	1207
P1808	8576	0	6326	7911	6790	7187	6426	8255
P1809	1400	1209	1249	0	1347	1198	1304	1039
P1810	1183	1158	1061	0	0	1097	880	0
P1811	4743	6524	6360	5818	6000	5116	5524	5884
P1812	1091	0	0	1114	983	0	1047	1165
P1813	1657	1380	1546	1521	1828	0	1297	1494
P1814	12616	0	0	9375	10445	13343	13068	9843
P1815	4758	3372	3671	3638	3891	3538	4642	3917
P1816	18259	0	15826	15223	19256	21756	0	20546
P1817	1230	0	0	1522	1222	1319	1223	1242
P1818	11580	12577	0	10125	11557	9896	13181	11030
P1819	10615	7729	9236	0	10277	9262	0	10362
P1820	1055	1271	1437	1227	0	0	1485	1083
P1821	912	1169	1010	970	869	849	0	1049
P1822	1028	852	0	1160	900	1128	1172	0
P1823	10592	11972	0	14210	13441	0	10235	10166
P1824	5815	0	5720	0	4305	5217	5647	5845
P1825	6169	6399	6767	4872	4729	5773	5536	4651
P1826	1026	1105	1150	891	1118	877	0	894
P1827	1136	0	1407	0	1250	1351	1126	1253
P1828	0	2125	1908	2169	1767	1521	1885	1994
P1829	1032	0	1044	1048	1147	941	0	0
P1830	1232	1220	891	1051	0	931	941	855
P1831	2384	2238	2224	2502	2072	2508	2716	0
P1832	104560	100063	104874	0	91333	78283	90532	96363
P1833	90545	0	0	0	93022	99370	101417	97311
P1834	958	1123	1221	1243	1122	1250	1129	0
P1835	3895	2809	3375	0	0	3111	0	2888
P1836	1032	0	0	1477	1016	0	1276	1357
P1837	3246	3793	2951	0	3859	3315	3531	0
P1838	0	0	1002	0	1022	1060	1181	1046
P1839	2320	0	1791	2115	2362	2240	2249	2042
P1840	7086	7205	6874	7601	6249	6887	0	0
P1841	1096	1404	1413	0	1370	1527	1271	1479
P1842	2462	2067	2373	2013	2320	0	1980	2212
P1843	3122	4050	3186	3252	3095	2967	0	4245
P1844	128974	107428	151750	118064	146813	117087	115186	122376
P1845	0	2331	2602	0	0	0	2358	2583
P1846	1109	1125	1052	0	1070	0	1081	1217
P1847	6706653	0	5971244	7243275	6253751	0	5010218	5475569
P1848	1110	975	0	923	1184	988	914	1142
P1849	0	1933	2326	2019	1757	0	2105	2200
P1850	1826	2314	1874	1635	2368	1797	0	2068
P1851	1780	1666	2121	0	0	1902	0	2224
P1852	0	962	976	820	1186	0	998	896
P1853	1146	851	954	948	969	961	0	0
P1854	1806	0	2092	2338	2064	1819	1694	0
P1855	0	318878	370070	317200	0	339796	382196	261121
P1856	0	5875	5684	5536	0	0	5289	0
P1857	5196	6783	5774	6471	6066	4723	0	0
P1858	176451	180575	152937	148448	161926	153975	0	0
P1859	167983	131059	138864	140004	0	129569	131986	154520
P1860	1433	1672	1666	1366	1734	1753	1378	1321
P1861	378850	0	362648	0	324204	308630	420958	0
P1862	1174021	1470827	1576081	0	1536334	1631345	1472942	1262045
P1863	2033	2283	0	1866	0	0	1611	2279
P1864	0	663871	574882	626479	732127	632865	603352	585643
P1865	1005	0	1136	0	1032	1180	1053	1037
P1866	0	0	1702	1897	2143	0	2127	2134
P1867	9251	9675	0	8716	10776	7374	9004	10849
P1868	5737	6646	5548	4948	6777	5544	0	4907
P1869	0	1631	1301	0	1678	1441	1768	1358
P1870	1126	0	990	1166	1105	819	874	1185
P1871	958	961	0	1194	1107	1157	1234	0
P1872	11094	0	10407	12414	0	11066	8608	9781
P1873	15266	18211	16757	15544	18375	16941	14466	13179
P1874	6189	0	5280	5485	5893	6283	5819	6519
P1875	1153	985	1111	856	0	948	1100	1052
P1876	1182	0	1376	1497	1493	1484	1157	1390
P1877	9462	8179	7475	8993	8839	8961	8319	0
P1878	0	2005	2115	2367	2113	0	2111	2738
P1879	874	1179	999	0	944	1206	1174	890
P1880	976	848	858	1055	0	1111	0	860
P1881	16612	15706	15875	0	17517	18181	14899	15512
P1882	0	3848	5129	4410	4085	5299	4343	0
P1883	0	0	1029	1206	891	981	1196	883
P1884	10688	10260	9588	9973	0	9180	9659	12152
P1885	3340	3649	4328	4051	4189	3229	3205	4068
P1886	0	4939	4845	4925	4800	0	6711	4971
P1887	822	1020	1015	1088	890	888	1132	1182
P1888	1035	1089	1185	1128	962	0	932	892
P1889	0	1259	0	1303	0	1391	0	1257
P1890	1077	0	0	1103	1275	1267	1087	1278
P1891	10963	14755	12691	14727	12342	13036	13581	0
P1892	1326	997	1305	1405	1284	1220	974	0
P1893	0	931	1069	0	1131	943	1321	1343
P1894	41498	49969	0	38454	48246	41022	48032	35419
P1895	52345	60561	58016	59960	0	0	48821	50894
P1896	1580	1163	0	1609	1239	1297	1413	1442
P1897	565887	679725	0	617076	612108	710412	589267	547808
P1898	929	0	1268	0	1064	0	0	1311
P1899	1043	0	1111	1502	1123	0	1213	1437
P1900	0	5469	5585	5313	5075	5843	7080	4863
P1901	1177	1326	1436	1111	1031	1312	1221	1251
P1902	2074	2289	0	2445	2753	2271	2421	2100
P1903	910	0	887	0	1112	1027	1005	858
P1904	992	1061	1013	1180	1260	1054	892	0
P1905	7438	5865	6281	5864	5484	5965	5913	5947
P1906	9345	9368	9045	7040	7063	9100	8581	6399
P1907	0	0	103861	114537	0	0	99220	84046
P1908	94784	118707	82500	110728	114414	94820	114231	105903
P1909	0	957	1176	866	903	925	1054	1031
P1910	989	1148	1235	1180	0	1092	1239	0
P1911	1090	836	1089	952	854	0	0	1207
P1912	1223	1180	1260	0	988	1051	1098	1205
P1913	1247	893	879	1103	1074	0	921	1129
P1914	1044	0	989	0	1072	1185	1107	0
P1915	0	0	7417	0	7296	8207	8128	7742
P1916	4756	4745	3229	0	4789	3757	3934	0
P1917	1097	0	1165	1101	0	1103	1348	1058
P1918	1616	0	0	1272	1519	1095	1341	1580
P1919	854	1084	893	0	1194	1042	1154	992
P1920	1215	0	1113	974	1041	0	1089	1005
P1921	5003	4401	5744	0	4695	4283	5361	5819
P1922	988	1101	1058	0	1121	0	1026	0
P1923	836	844	0	1121	0	873	0	1188
P1924	1491	1242	1464	1467	1297	1248	1452	1269
P1925	1660	0	1428	1885	1413	1357	0	1646
P1926	37411	45902	0	0	44943	37480	34583	43572
P1927	192233	192951	171349	171757	202369	179872	207806	152669
P1928	3329	3295	3775	4088	3642	0	3330	3588
P1929	0	0	1544	0	1865	1768	1339	1778
P1930	0	1733	1365	1371	1781	1721	1552	1776
P1931	1098	994	930	906	825	1169	1092	951
P1932	2318	0	2004	2418	2171	1718	2252	2068
P1933	1978	2322	0	2274	1992	2401	2492	2420
P1934	1524	1698	1974	0	2027	1518	1509	0
P1935	849	1131	968	0	0	959	889	1087
P1936	11662	0	14977	16022	14460	15831	12540	0
P1937	887	1161	0	0	1031	806	1026	917
P1938	0	70995	0	57516	67971	0	63147	66581
P1939	2326	1979	2465	2645	1913	2657	2300	0
P1940	0	169787	141670	0	162767	132866	157362	148253
P1941	1128	1064	985	1088	1289	0	1274	0
P1942	3677	3542	0	0	3197	0	3156	3039
P1943	0	1987	1595	2119	1690	1969	0	1881
P1944	0	49219	43192	41343	0	42418	54134	50060
P1945	0	110999	88215	119443	100340	82926	111464	105797
P1946	3032	2983	0	2098	2214	0	2499	2938
P1947	1001	1187	0	1402	952	1160	1062	1298
P1948	1203	1223	1002	1116	1242	0	887	1200
P1949	1017	1164	1243	0	921	1009	929	1071
P1950	3437	3417	0	2817	3158	3513	2748	3555
P1951	946	918	1025	1047	1065	814	899	979
P1952	1934	1492	1435	1773	0	1927	1780	1744
P1953	0	8397	0	6597	7770	6432	5947	6192
P1954	0	0	1280	1348	1306	1106	1173	1320
P1955	1023	0	0	0	0	1233	1257	1265
P1956	0	18239	17184	13366	0	17537	16722	16955
P1957	0	1259	1229	1728	1235	1693	1635	1746
P1958	0	5283	5659	4965	5345	5097	0	6490
P1959	4405	5046	3963	4724	4366	4374	4583	0
P1960	1175	1221	1118	970	1000	0	990	1105
P1961	14116	18262	16242	19234	14795	0	19293	15530
P1962	0	1309	0	1410	1565	1318	1276	0
P1963	3891	4353	4942	0	4661	4295	0	0
P1964	7308	7501	5699	6424	5558	0	5145	7012
P1965	0	1050	1122	1170	1170	0	1141	945
P1966	0	0	1037	1075	0	0	1250	1179
P1967	997	0	1202	1198	892	1083	958	0
P1968	1952	1899	2334	1997	1906	1624	1799	1628
P1969	9425	9402	9008	10024	0	0	11880	0
P1970	1187	1131	0	1052	1103	1058	1293	1267
P1971	24586	0	19545	0	0	25814	23266	19609
P1972	1004	1388	1139	1105	1161	1176	1334	1303
P1973	4606	0	3703	4637	4015	0	4220	4054
P1974	847	950	1195	1036	960	855	918	1056
P1975	1064	1158	1192	1083	940	1069	900	1012
P1976	1398	1318	1371	1753	1486	1450	1782	1657
P1977	1311	0	1085	1259	1101	1171	1246	1271
P1978	1418	1237	1104	1101	1594	1570	0	0
P1979	860	0	957	1179	1009	924	1129	1001
P1980	19214	19135	15601	21559	18295	16784	0	15629
P1981	6122270	0	4492901	5288383	5337455	0	4606403	5921975
P1982	1154	0	1432	1608	1487	1611	1306	1435
P1983	1183	1272	0	1310	962	1380	997	0
P1984	1208	1171	1176	0	1325	989	1212	1254
P1985	19037	19879	0	14139	15254	14150	16616	19586
P1986	1031	1030	0	1181	1111	0	1305	1307
P1987	1160	0	981	1210	815	880	1124	908
P1988	0	4524	0	4709	4424	5075	0	5178
P1989	1201	1132	1358	1138	1283	1439	1458	1489
P1990	1607	1415	1601	0	1630	1932	0	1650
P1991	0	1033	0	862	1105	962	0	1104
P1992	0	9849	0	12805	8572	11264	0	11676
P1993	10352	10100	10081	10868	10919	10518	12507	0
P1994	2106	1695	2029	2249	2056	1879	1729	1921
P1995	1716	1964	0	1813	1655	0	1536	2261
P1996	1841	0	1928	1512	1808	1533	2089	1610
P1997	5377	0	7110	5005	4907	5545	6097	5630
P1998	1237	1306	0	1618	0	1296	1472	0
P1999	1163	1124	1193	0	1060	872	1175	1032
P2000	1694	1415	1770	1765	1347	0	0	0
